0 0.724894890625 0.28157749375 0.7007172234375 0.263614721875 0.649016378125 0.2514937015625 0.55279464375 0.2452530296875 0.5072701000000001 0.2582747328125 0.50459369375 0.27731834843750003 0.5209995015625 0.31603608906249997 0.6080725765625 0.33555582031250003 0.698491159375 0.33127103281250003 0.722926184375 0.312857921875 0.724894890625 0.28157749375
0 1 0.39189431875 0.9430472203125 0.3874883765625 0.8795213078125 0.407690034375 0.8574667359375001 0.42643769843749996 0.8626007875000001 0.44172406249999996 0.9306302453124999 0.45856738750000003 1 0.4512319640625 1 0.39189431875
0 0.8375738546875 0.4988935078125 0.8685197328125 0.5032426671875 0.913375175 0.49498186874999994 0.9249042875000001 0.48203735937500003 0.8687770890625 0.4668667859375 0.8256329984375 0.48022303906249997 0.8242947953125 0.48974484843750005 0.8375738546875 0.4988935078125
0 0.77509019375 0.528951525 0.8057015203125 0.5356811359375 0.8573637671875 0.5308044421875 0.8733192328125 0.520909484375 0.8749919859374999 0.5090072234374999 0.8056243249999999 0.50168570625 0.7672411390625 0.5157110609375 0.77509019375 0.528951525
0 0.6354541859375 0.41708309843749997 0.634707890625 0.3878485734375 0.5806265953125 0.3753930015625 0.5293374953125001 0.3948869609375 0.5450356046875 0.42136788750000004 0.5970709984375 0.4311084546875 0.6354541859375 0.41708309843749997
0 0.4674586921875 0.0924665765625 0.4198110546875 0.068777846875 0.362011103125 0.065509534375 0.3397763671875 0.154628509375 0.352386325 0.168538075 0.3996608171875 0.1776095421875 0.4346598984375 0.17039099062500002 0.46214447812500004 0.147551525 0.47158909375 0.114894296875 0.4674586921875 0.0924665765625
0 0.38910958125 0.32177487031249996 0.3888136265625 0.3411530359375 0.405515390625 0.36049260781250003 0.444644871875 0.375701778125 0.491546215625 0.37015598125000004 0.506086284375 0.33578740156250003 0.4982372296875 0.322546940625 0.4254468671875 0.3050345109375 0.38910958125 0.32177487031249996
0 0.5069869671875 0.43301279062500003 0.5059061218750001 0.406158715625 0.449444371875 0.3933685953125 0.42601300000000003 0.40464035000000004 0.427428396875 0.4291139734375 0.46960743281250006 0.43989679062500003 0.5069869671875 0.43301279062500003
0 0.22382896093750002 0.44419440000000004 0.27757570625 0.4590304234375 0.3224311484375 0.45076962500000006 0.3251075546875 0.43172600625 0.307402140625 0.41952779375000004 0.25027129062500003 0.411498575 0.2227481140625 0.4173403265625 0.22382896093750002 0.44419440000000004
0 0.448337753125 0.5048766953125 0.4551059609375 0.4912630828125 0.36699063593750003 0.46188699218749996 0.29732702187500004 0.47394364062500005 0.309267878125 0.492614109375 0.3698214296875 0.5108342359375 0.448337753125 0.5048766953125
0 0.6220721578124999 0.5123011828124999 0.61727265625 0.49463436562499996 0.548574096875 0.48255194375 0.5353336343749999 0.49040099843749996 0.540133134375 0.508067815625 0.59421443125 0.5205233859375 0.6220721578124999 0.5123011828124999
0 0.762634621875 0.583032821875 0.7744982859375 0.567707859375 0.744221509375 0.5585977953125 0.7119374296875 0.5637704453125 0.712310578125 0.5783877093750001 0.7453023562500001 0.5854518703125 0.762634621875 0.583032821875
0 0.7021582656249999 0.5988081249999999 0.70587691875 0.5896208671875 0.677980596875 0.580845353125 0.638555159375 0.5850143515624999 0.6440237625 0.5979202640625 0.6770155421874999 0.6049844265625001 0.7021582656249999 0.5988081249999999
0 0.5032039421875 0.5635645078125 0.4953548875 0.55032404375 0.4263217765625 0.5406220734375 0.415796315625 0.5464252265625 0.42297626875 0.5644265953125001 0.49167482968750004 0.5765090171875 0.5032039421875 0.5635645078125
0 0.75698585625 0.6404982218749999 0.750848153125 0.6323532140625 0.69847820625 0.6249930984375001 0.6546264171875 0.626112540625 0.6600950203125 0.6390184546875 0.7192717703125 0.6497626734375 0.75698585625 0.6404982218749999
0 0.585297353125 0.6357887375 0.5860050515624999 0.6480255484375 0.63565999375 0.6574315671875001 0.6495695593749999 0.6448216062500001 0.6362904984375 0.635672946875 0.585297353125 0.6357887375
0 0.49480157656249996 0.6060780953125 0.491044325 0.5982676375 0.445815734375 0.5919111734375 0.4349557234375 0.600094778125 0.44518522968749996 0.6136697921875001 0.47137020312500005 0.6173498515625 0.49480157656249996 0.6060780953125