0 0.512370646875 0.7955021859375 0.494958946875 0.7621471359374999 0.4681430890625 0.7409772968749999 0.4367300375 0.731908765625 0.3717521703125 0.7282345328125001 0.230366378125 0.7547445546875 0.201776334375 0.76966886875 0.1308885671875 0.840628378125 0.11628771093750001 0.9683064890624999 0.1309183546875 0.980072171875 0.1934927421875 0.98378835625 0.3665433046875 0.9807677484375 0.3999822609375 0.96816300625 0.49477896875000005 0.8895735296874999 0.515697090625 0.84833679375 0.512370646875 0.7955021859375
0 0.6281395953125 0.5410391375 0.561177775 0.5614416578125 0.5377722687500001 0.5979133875 0.5458637203125 0.6482606093750001 0.6045960640625 0.7073407421875 0.6457069421875 0.721048421875 0.7009869828124999 0.7200835046875 0.78882496875 0.6560407671874999 0.797935453125 0.6270311953125 0.7945670578125 0.57179310625 0.7363801015625 0.5439582171875 0.6281395953125 0.5410391375
0 0.86829545625 0.80131055625 0.9240369796874999 0.8267839203125 0.9674254781249999 0.8332392078125 0.9837464046875001 0.8041037781249999 0.9831171109374999 0.7680515765625 0.97354514375 0.7706228687500001 0.9320147375 0.7328803875000001 0.9199973359375001 0.7330901515625 0.8627333437500001 0.758131821875 0.86829545625 0.80131055625
0 0.4544177859375 0.505604065625 0.485327403125 0.4858308375 0.522902071875 0.434686509375 0.5200790625 0.41069366250000006 0.46450535156250006 0.39483421875 0.28639611249999997 0.383517853125 0.2763626625 0.35965086562500004 0.22104066875 0.3582123015625 0.216065896875 0.3486822875 0.22530224062499998 0.3268831546875 0.1795102625 0.3204698203125 0.105338003125 0.3409982 0.10567362656249998 0.360226040625 0.1830045171875 0.3829183484375 0.19063448593750001 0.4068272890625 0.17891075625 0.42386141562499996 0.17945614375000002 0.4551066546875 0.2066915296875 0.50031129375 0.2983174421875 0.51554144375 0.3560009625 0.514534575 0.401415365625 0.49931658749999996 0.4544177859375 0.505604065625
0 0.7334433984375 0.3757146140625 0.6515992171875 0.369930571875 0.638994478125 0.3364916171875 0.583588578125 0.3302460921875 0.5308798296874999 0.3407829765625 0.51675261875 0.3578590546875 0.5311735 0.3576073375 0.5506950109375001 0.37409607500000003 0.6227574578125 0.37043400625 0.6280259 0.39678838125000004 0.6693045890625 0.4201099828125 0.71492875625 0.41690939687500006 0.7386698875000001 0.3996655078125 0.743141225 0.3803537625 0.7334433984375 0.3757146140625
0 0.83130266875 0.47257917968749996 0.875110696875 0.5030692671875 0.8968678765625 0.5099021328125 0.92562573125 0.5045917375 0.9443081843750001 0.47301087343750003 0.94123345625 0.43459714531250004 0.914543459375 0.42063774687500005 0.864070378125 0.4215187578125 0.8306733749999999 0.436526978125 0.83130266875 0.47257917968749996
0 1 0.517663875 0.9666527031250001 0.5134924578125 0.9548450671875001 0.5257196234375 0.9555582671874999 0.5665787828125 0.9796350203124999 0.568562734375 0.9991565296875 0.5850514718750001 1 0.53882850625 1 0.517663875
0 0.5041059265625 0.32201661875 0.592531253125 0.2916226015625 0.5870949984375 0.25565430624999996 0.5365799640625 0.2541318375 0.4191450671875 0.27541536875 0.40763109999999997 0.3044668953125 0.451229365625 0.3229395828125 0.5041059265625 0.32201661875
0 0.19427893125 0.20240562812500001 0.1755125703125 0.22917953125 0.142073615625 0.24178427343750003 0.1567462125 0.255953434375 0.20966472656250001 0.25743395156250004 0.24774283281249998 0.23513138437499997 0.30998159531249997 0.219619728125 0.3217892296875 0.2073925640625 0.3143270734375 0.19309754375 0.25424007187500003 0.194146365625 0.19427893125 0.20240562812500001
0 0.303652165625 0.27021866875 0.262751053125 0.2685283875 0.234161009375 0.2834527015625 0.2416231671875 0.297747725 0.2729103609375 0.299605815625 0.3111143234375 0.284513690625 0.303652165625 0.27021866875
0 0.3768473421875 0.3314505625 0.3383077546875 0.32731485 0.30254922500000003 0.3447685015625 0.3100533359375 0.361467003125 0.34378596250000004 0.36568662343749997 0.37722491874999997 0.3530818828125 0.3768473421875 0.3314505625
0 0.456258253125 0.1978327609375 0.4009782125 0.198797678125 0.37723708437500003 0.2160415671875 0.389632059375 0.23746312343749998 0.425684259375 0.23683382968750002 0.4686112765625 0.2168508375 0.456258253125 0.1978327609375
0 0.46077154374999996 0.18092449531250002 0.45617434687499997 0.1930258015625 0.5043278546875001 0.196993703125 0.5281109390625 0.1821532953125 0.48231895781249995 0.175739959375 0.46077154374999996 0.18092449531250002
0 0.7649756046875 0.9425583265625 0.695484446875 0.9557923609375001 0.6838026687500001 0.9752299656250001 0.6841802453125 0.9968612859375 0.9461595703125001 0.9922884203125 0.8998641562499999 0.9570333249999999 0.7649756046875 0.9425583265625
0 0.24155142500000001 0.15590045 0.2417611890625 0.16791784999999998 0.2491394421875 0.1774059109375 0.29973838124999996 0.1837353390625 0.4269969640625 0.174301396875 0.4795798546875 0.15655407187499998 0.4696303125 0.13749404375000002 0.361389803125 0.1345749640625 0.2558044953125 0.1460348125 0.24155142500000001 0.15590045
0 0.7232123500000001 0.202789909375 0.7156662875 0.183687928125 0.696354540625 0.1792165921875 0.5978118578125 0.1809366609375 0.57626444375 0.186121196875 0.5740707296875 0.19818055 0.651443571875 0.22327633750000003 0.7232123500000001 0.202789909375
0 0.7294037546875 0.2820208453125 0.6885026421875 0.280330565625 0.6694006609375001 0.287876628125 0.6720558578125 0.3022555546875 0.6962584703125 0.311449946875 0.7226547984375 0.30858498437500004 0.7294037546875 0.2820208453125
0 0.659379375 0.1269693234375 0.6663800515625 0.1148260640625 0.661279421875 0.0980856109375 0.5818806750000001 0.09466309687499999 0.5556102046875 0.10473849843750001 0.548693434375 0.1216887171875 0.5970147531250001 0.135270540625 0.659379375 0.1269693234375
0 0.6668834859375 0.1436678265625 0.7079524109374999 0.154972028125 0.703355215625 0.1670733328125 0.7106495609375 0.171754434375 0.7418528484375 0.1688055671875 0.7582157265625 0.142073615625 0.7483081375 0.1254170671875 0.690624615625 0.1264239359375 0.6690352484375001 0.12920499375 0.6668834859375 0.1436678265625
0 0.8125728046875 0.0882321375 0.8194895734375001 0.07128191874999999 0.761806053125 0.0722887890625 0.7375195359375 0.0582874375 0.6918114625 0.056681062500000004 0.6798779671874999 0.061697787500000004 0.6824073078125 0.0688662734375 0.725753853125 0.07291808125 0.7572927640625 0.0891970546875 0.7574186218750001 0.09640749531250001 0.728618815625 0.099314409375 0.72634119375 0.106566803125 0.7771079453125 0.122510153125 0.8106308062500001 0.11471237187500001 0.7935127750000001 0.09818168125 0.8125728046875 0.0882321375
0 0.04176220625 0.69312291875 0.03898115 0.671533553125 0.031477039062500003 0.6548350515625 0.00229965625 0.6361106453125001 0.0037680078125000003 0.7202324453125 0.025357374999999998 0.717451390625 0.04176220625 0.69312291875
0 0.007970003125 0.4100157109375 0.0107510609375 0.43160507812500004 0.070544390625 0.4137318953125 0.063082234375 0.3994368734375 0.017332206250000003 0.39542701875 0.007970003125 0.4100157109375