0 0.5609871984375 0.2647012921875 0.5910609265625 0.277530515625 0.6551066828125001 0.2890961703125 0.798669365625 0.2800143453125 0.8288651203124999 0.26868552343749996 0.9078722890625001 0.2068939828125 0.9379243609374999 0.08194696093750001 0.924836646875 0.06848594999999999 0.86318156875 0.05717156718750001 0.6910527796875 0.039080101562500004 0.656326940625 0.0475157046875 0.5526591843750001 0.113966575 0.5268714890624999 0.1523466625 0.52373421875 0.205192840625 0.536951178125 0.24042121875000003 0.5609871984375 0.2647012921875
0 0.4744419203125 0.3982131625 0.4725465640625 0.347255121875 0.42145205937499997 0.28145769062500003 0.38231816093750004 0.2628420296875 0.32733257656250003 0.25706281249999996 0.23234447500000002 0.30992342812499996 0.21976652031250002 0.3376064765625 0.2163779796875 0.392843334375 0.2707389984375 0.427561953125 0.3778169515625 0.4436504734375 0.4467660890625 0.4315606234375 0.4744419203125 0.3982131625
0 0.076670284375 0.1122798703125 0.0569202953125 0.139209109375 0.053151240625 0.1750692734375 0.062965221875 0.17368367812500002 0.09958641562500001 0.216206115625 0.1115398046875 0.2174624671875 0.17142877031249998 0.1995861796875 0.17117028125 0.156051440625 0.11894866875000001 0.12397476874999999 0.076670284375 0.1122798703125
0 0.469308925 0.56203559375 0.46918689843749994 0.5861936390625 0.5224135921874999 0.6087076015624999 0.6978161140625 0.641645671875 0.7048661218750001 0.6665575296874999 0.7596004375 0.674727425 0.7633767109375 0.6847926765625 0.7515525671875001 0.70530369375 0.79622163125 0.7172498625 0.8723428015625 0.7059138218750001 0.8743529640625001 0.6867884015625 0.8003639828125 0.6548409734375 0.7957046531249999 0.6301803875 0.809416934375 0.6147019953124999 0.8126834484375 0.5836231859375001 0.7911601312500001 0.5354363375 0.702073271875 0.5091533203124999 0.644697009375 0.50312283125 0.5977665125 0.5126927625000001 0.545925415625 0.49999278125 0.51283644375 0.5158516875 0.469308925 0.56203559375
0 0.34211490625 0.6453504515625 0.39634668125 0.658301703125 0.4499466703125 0.6542669390625 0.4660496296875 0.6390398187499999 0.45170556250000005 0.6375321953124999 0.43433903437500004 0.6187872890625 0.36236743437499996 0.6136398578125 0.360350053125 0.5868398625 0.3222212375 0.5586614890625 0.2765470921875 0.55627803125 0.250881421875 0.570500071875 0.24408990468749997 0.5891229515624999 0.25315007500000003 0.5949093875 0.333679303125 0.6106246140625 0.34211490625 0.6453504515625
0 0.10729708281250001 0.44180564999999994 0.07810641093750001 0.44357176093749995 0.055714475 0.47264040625000003 0.054084828125 0.5111425203125 0.078874659375 0.528250559375 0.1290788890625 0.5335272359375 0.16405599843750002 0.52270095625 0.1678250546875 0.4868407921875 0.1280593703125 0.45123911562499996 0.10729708281250001 0.44180564999999994
0 0.051679712499999995 0.41904041718749996 0.0559513078125 0.3783988984375 0.0322958015625 0.37349551718749996 0.014929273437500001 0.3547506109375 0.0055030265625 0.42143831406250004 0.0384699734375 0.4297374546875 0.051679712499999995 0.41904041718749996
0 0.3837759453125 0.7319101671875 0.4337289046875 0.7395775234374999 0.5528822718749999 0.7327643484374999 0.5678509046875 0.70533256875 0.52682886875 0.68168428125 0.4742339609375 0.676156334375 0.38276364375 0.6955474625 0.3837759453125 0.7319101671875
0 0.8237898734375 0.7999112796875 0.81095343125 0.7840595921875 0.7586097921875 0.7761409671874999 0.7180975171874999 0.7936367390625 0.6544322765625 0.8014477781249999 0.6412225375 0.8121448140625 0.646886946875 0.8272426890625001 0.7066538890625 0.8335244484375 0.767174640625 0.8326341749999999 0.7890640359375001 0.8083468843749999 0.8237898734375 0.7999112796875
0 0.737466990625 0.7473308109375 0.7318025796875001 0.7322329328125 0.700975040625 0.726575740625 0.661216575 0.73689948125 0.6668809875 0.7519973578125 0.7072712359375 0.75865963125 0.737466990625 0.7473308109375
0 0.6770610453125 0.678137621875 0.6716479046875 0.6606490671875 0.6386809578125 0.652349928125 0.6039551203125 0.6607855296875 0.6016936875 0.6823016281250001 0.6394419890624999 0.6911033093750001 0.6770610453125 0.678137621875
0 0.5872420328125 0.796802884375 0.577550078125 0.774030434375 0.5416899140625 0.7702613796875 0.49664755312500003 0.7848639359375 0.5065907796875 0.8052457078125 0.5615763640625 0.8110249250000001 0.5872420328125 0.796802884375
0 0.45877722656250003 0.8002203 0.4333628265625 0.8120516625 0.4780318921875 0.8239978328124999 0.50005053125 0.8214779109375 0.5060882390625 0.8100270625 0.45877722656250003 0.8002203
0 0.1689269765625 0 0.2909337765625 0.028448032812500003 0.3615197796875 0.023781484375000002 0.37548333125 0.0059124156249999995 0.3761047515625 0 0.1689269765625 0
0 0.7096763515625 0.8507617328125001 0.6602259328125 0.8383130234375 0.53276620625 0.8321677281250001 0.47841240625000003 0.8433745234375 0.485964953125 0.863505025 0.5930429078125 0.879593546875 0.6992378046875001 0.8810867312499999 0.7145869515625 0.8730316421875 0.7158433046875 0.8610782546875001 0.7096763515625 0.8507617328125001
0 0.26601539375 0.7944627390625 0.3640331765625 0.8047648234375 0.386051815625 0.8022449 0.3896988453125 0.7905427828125 0.315961134375 0.7562046765625 0.24223064375 0.7677919890625 0.2473925125 0.7876712203125 0.26601539375 0.7944627390625
0 0.306010690625 0.6898974890625 0.30512763593750003 0.675302153125 0.28222593906250004 0.6632267390625 0.255677215625 0.6628534421875 0.245741209375 0.6883970859375 0.2861314578125 0.695059359375 0.306010690625 0.6898974890625
0 0.2909416875 0.8792635625 0.369331509375 0.8923368390625 0.3966340453125 0.8855381031249999 0.4055649703125 0.8695571718749999 0.35925904062499997 0.8501876968750001 0.2963476109375 0.8508267015625 0.287919225 0.8620262796875 0.2909416875 0.8792635625
0 0.2575870078125 0.805662315625 0.2509175171875 0.80012715 0.21958743749999998 0.7992513125 0.2000887203125 0.8237898734375 0.20789253749999997 0.8415296984375 0.2652688015625 0.8475601875000001 0.2870361703125 0.8474309421875 0.29093446875 0.833338146875 0.2515493015625 0.8171131624999999 0.2575870078125 0.805662315625
0 0.188020525 0.8926169859374999 0.210419678125 0.9094737546875 0.2555912828125 0.91663856875 0.2680472125 0.9131135640625001 0.2664103453125 0.9056902609374999 0.22388068906249997 0.8963860406249999 0.194560771875 0.8763847828125 0.195314584375 0.8692127484375 0.224253984375 0.869837315625 0.2273984734375 0.862916553125 0.1789531359375 0.8409051312500001 0.14472983749999999 0.8445593796875001 0.1597056890625 0.8630530171874999 0.1395751859375 0.8706055640624999 0.13064426093749998 0.8865864968749999 0.188020525 0.8926169859374999
0 1 0.34199962500000003 0.99760536875 0.34201384375 0.978357921875 0.3641617296875 0.9784871671875001 0.385929096875 0.9839003078124999 0.4034176515625 1 0.416779159375 1 0.34199962500000003
0 0.915741075 0.6379625484375 0.9214054859375 0.6530604249999999 0.9663258203125 0.6626159171875 0.9773961531250001 0.6492769328125 0.9772669078125 0.6275095640624999 0.915741075 0.6379625484375