0 0.49467470625 0.374561059375 0.4954719234375 0.36316032656249997 0.484959675 0.3566969984375 0.44924258593750005 0.3522900046875 0.44038616093750005 0.36694600781250003 0.4459565890625 0.3768825953125 0.478556290625 0.38107160156250003 0.49467470625 0.374561059375
0 0.73850538125 0.292321878125 0.6996709046875 0.2876968921875 0.66640685625 0.293008496875 0.6595077328125 0.3020731296875 0.715222103125 0.311697296875 0.741224159375 0.2982402328125 0.73850538125 0.292321878125
0 0.770547953125 0.2372801171875 0.7695207374999999 0.2295706359375 0.7588756203125 0.22500742968749998 0.7091302875000001 0.21961948437499998 0.6974222125 0.23025725625 0.7107861109375 0.24073881562500002 0.76222300625 0.244335634375 0.770547953125 0.2372801171875
0 0.5772598296875 0.3135065125 0.5446601281250001 0.3093175078125 0.5208811125 0.31338295625 0.51500920625 0.33015707031249997 0.5411083921875 0.33771034218749996 0.5793142609374999 0.328925478125 0.5772598296875 0.3135065125
0 0.697120734375 0.25696795625 0.6737403265624999 0.2553330390625 0.635800196875 0.26031766093750003 0.6269437718749999 0.2749736640625 0.653042959375 0.2825269375 0.6993080359375 0.2704868015625 0.697120734375 0.25696795625
0 0.44214920468749996 0.3193339625 0.3814930140625 0.31318305625 0.37343380625 0.316438328125 0.37170650312500003 0.3411399140625 0.42652652656249995 0.3411544765625 0.44291068125 0.3308436890625 0.44214920468749996 0.3193339625
0 0.4853839328125 0.41782788593750003 0.48475532499999996 0.40441803906249996 0.4773604640625 0.3981727 0.4416433765625 0.39376570312500003 0.40330463749999995 0.40445069062499994 0.398991425 0.4213337984375 0.44236911250000005 0.428185890625 0.4853839328125 0.41782788593750003
0 0.723378440625 0.3294523609375 0.74128555 0.3421610265625 0.77829559375 0.3504772609375 0.8781848671875 0.3555527859375 0.8849511203124999 0.34838827656250004 0.8809393859375 0.33856068281249996 0.86575105625 0.33177037187499997 0.7536579703124999 0.322022646875 0.7254686125 0.32196086875 0.723378440625 0.3294523609375
0 0.5619642796875 0.375447578125 0.5879305968749999 0.384900971875 0.63794166875 0.386488675 0.7117674968750001 0.36110046875 0.7063299375 0.3492637578125 0.69230169375 0.3482828078125 0.582395909375 0.3520539265625 0.5626286265625 0.36594696875 0.5619642796875 0.375447578125
0 0.710367321875 0.42592260625 0.78193436875 0.4328364734375 0.845345078125 0.4219952765625 0.8415990828125001 0.4083674390625 0.8309539640624999 0.403804234375 0.7395225062499999 0.3897730703125 0.6857297 0.397467990625 0.6832409187499999 0.41065984999999994 0.710367321875 0.42592260625
0 0.641447575 0.470748009375 0.5760795640625 0.4871805765625 0.5689147015625 0.500045453125 0.5707033953125 0.5192646609375 0.614709690625 0.5395266000000001 0.6990120265625 0.5435121796875 0.7227910421875 0.53944673125 0.7506175328125 0.5222984171875 0.75154761875 0.5089975640625 0.736757896875 0.4965068875 0.6757388390625 0.47314588750000003 0.641447575 0.470748009375
0 0.734857365625 0.8820754421875 0.741925096875 0.8482002312500001 0.7314485890625 0.8188264453125 0.6939428078125001 0.795200240625 0.66134310625 0.791011234375 0.646553384375 0.7785205562499999 0.6095433406249999 0.7702043234375 0.569778778125 0.7788801921874999 0.5477884562499999 0.8021648499999999 0.5381348140625 0.8282215859375001 0.5332543828125 0.8756156421875 0.53753185625 0.8816429906250001 0.580776675 0.890395203125 0.598320915625 0.8858937750000001 0.61155194375 0.8982754578125001 0.6793372546875001 0.9144719484375001 0.707925221875 0.9088333609375001 0.734857365625 0.8820754421875
0 0.50209959375 0.36869410468749997 0.4916048734375 0.361878528125 0.48598820624999994 0.35662040156249997 0.45084929687499997 0.3456488484375 0.429921340625 0.345401765625 0.398306225 0.3553544515625 0.4050615609375 0.37285563125 0.4305290046875 0.3795018578125 0.46186704218749997 0.38777494375 0.4929743078125 0.385084803125 0.49714852968749995 0.38416035000000004 0.50209959375 0.36869410468749997