0 0.5716271125 0.8774049640625 0.5717465203125001 0.906350859375 0.5912330296875 0.9360153796875 0.6910016515625 0.9731342968750001 0.7913694921875 0.9619402203125 0.8205856859375 0.8821672250000001 0.8032843671875 0.8498984953125 0.8146000250000001 0.7861697640624999 0.8065485828125001 0.7217224046874999 0.7740410359375 0.681131934375 0.7392581984375 0.66969686875 0.70896515 0.68199928125 0.684718553125 0.7082508671875 0.6608909749999999 0.7392918515625 0.6491562984375 0.798231184375 0.5941976375 0.8319957875 0.5716271125 0.8774049640625
0 0.2836075921875 0.6468223921875 0.3088116328125 0.65909549375 0.30426105468750003 0.7174063015625001 0.3431146625 0.7477894484375 0.370713403125 0.7598530421875 0.425581965625 0.7526396375 0.45243277031250007 0.7285732390625 0.470632915625 0.6883724765625 0.4746743765625 0.65182346875 0.507871240625 0.61754975 0.50565674375 0.56465686875 0.48221887187499995 0.544990159375 0.39810480625 0.5764794703125 0.2659773546875 0.58321306875 0.22954775624999998 0.6081175015625 0.23164284531249998 0.6320644890625 0.24747760156249998 0.6475703265625 0.2836075921875 0.6468223921875
0 0.3225827796875 0.5131089656250001 0.45668591249999996 0.5013764625 0.48551239687500003 0.4723111609375 0.46249354531250003 0.45743385 0.421993175 0.4633902 0.41157634375 0.454649440625 0.45686611250000003 0.44827407187499996 0.4761138015625 0.4200468046875 0.4574653296875 0.399961078125 0.4181026046875 0.391339728125 0.37760223437499996 0.39729607968749997 0.35991120625 0.4157350421875 0.26496129062499996 0.43369419843749996 0.230926390625 0.45838912187499997 0.21907230625000002 0.4883825625 0.3225827796875 0.5131089656250001
0 1 0.48840207031249994 0.9961216671875001 0.461421034375 0.985495328125 0.4502855765625 0.8980291171875001 0.4434597078125 0.9226947328125 0.42199751875 0.9699601812499999 0.4106232421875 0.97702486875 0.381048821875 0.9635848109375 0.365333475 0.9325438281249999 0.3415058953125 0.8639355984374999 0.3571604515625 0.8097856609375 0.3450067578125 0.7346218625 0.3684739375 0.7190259265625001 0.41085988906250004 0.68843326875 0.44731879843750005 0.7011546984375 0.48240124375000004 0.763117259375 0.5011105062500001 0.79185364375 0.49859639843750003 0.805174290625 0.4853658515625 0.83516773125 0.49721993593749997 0.9433481953125 0.492581428125 1 0.5038606625 1 0.48840207031249994
0 0.6528417046875 0.4818020265625 0.6556261125 0.43088482499999997 0.6423955640625 0.41756417656249994 0.6180295578125 0.41486986875 0.565765203125 0.42426846406249996 0.5650465765625 0.443635565625 0.58390455625 0.4661159890625 0.58121025 0.49048199531250003 0.629732753125 0.49347591093750004 0.6528417046875 0.4818020265625
0 0.5841162375 0.27546822187500003 0.5715142171875 0.2693316703125 0.4574067125 0.288966896875 0.44752830781249997 0.3139614296875 0.5221829890625 0.31225605 0.574028325 0.2980680546875 0.5851637828125 0.287441715625 0.5841162375 0.27546822187500003
0 0.3788299796875 0.35616718281250004 0.377782434375 0.34419368906250003 0.34476576875 0.325365015625 0.2814560546875 0.3188387546875 0.23856098593750003 0.32500461718749996 0.228054053125 0.342815053125 0.2438888109375 0.358320890625 0.28564623437500003 0.36673273125 0.35832523437499997 0.37002625624999996 0.3788299796875 0.35616718281250004
0 0.06254736718750001 0.6299672265625 0.042970759375 0.6268539015625 0.045455557812500005 0.600093196875 0.0326440265625 0.591561946875 0.0067213578125 0.5986559437500001 0.0170774 0.6894449890625001 0.083709946875 0.6787893390625 0.08245289375 0.664421146875 0.0642234390625 0.64912481875 0.06254736718750001 0.6299672265625
0 0 0.5218304687499999 0.001064615625 0.5339990765625 0.01627084375 0.5423208171875 0.054795534374999996 0.5413633734375 0.0724865609375 0.5229244093750001 0.12059004531249999 0.5211289265625 0.1588759171875 0.46227969375000005 0.138880290625 0.4543769703125 0.0206119140625 0.48161531249999995 0 0.49657083281250003 0 0.5218304687499999
0 0.1000288546875 0.2309513546875 0.0140292078125 0.24088837812500002 0.0107063734375 0.2580702875 0.0744351046875 0.2693859453125 0.13169836562499998 0.26196303125 0.131997975 0.2378065328125 0.1000288546875 0.2309513546875
0 0.13933078906250002 0.321620990625 0.10403883437500001 0.3319477234375 0.10113501875 0.35391903125 0.11457507656249999 0.3696343765625 0.1929716078125 0.355536484375 0.189110346875 0.3389831 0.13933078906250002 0.321620990625