0 0.64423076875 0.7139423078125 0.6706730765625 0.6875 0.6730769234375 0.6730769234375 0.646634615625 0.65625 0.61298076875 0.6105769234375 0.564903846875 0.61298076875 0.5168269234375 0.6418269234375 0.5048076921875 0.658653846875 0.5168269234375 0.7043269234375 0.6177884609375 0.7235576921875 0.64423076875 0.7139423078125
0 0.3894230765625 0.6875 0.41826923125000004 0.6634615390625 0.40865384687499995 0.6418269234375 0.3173076921875 0.634615384375 0.302884615625 0.622596153125 0.2740384609375 0.625 0.24038461562500002 0.64423076875 0.21875 0.665865384375 0.21875 0.7043269234375 0.34375 0.69951923125 0.3894230765625 0.6875
0 0.540865384375 0.560096153125 0.509615384375 0.54326923125 0.46394230781249995 0.564903846875 0.4519230765625 0.5889423078125 0.45673076874999996 0.603365384375 0.5264423078125 0.6081730765625 0.5456730765625 0.59375 0.540865384375 0.560096153125
0 0.375 0.8966346156249999 0.3649908171875 0.8341346156249999 0.33173076875 0.8173076921875 0.3145243078125 0.76923076875 0.26165462968750003 0.78125 0.21875 0.9134615390624999 0.221153846875 0.9278846156249999 0.283653846875 0.94951923125 0.353365384375 0.9375 0.375 0.8966346156249999
0 0.3894230765625 0.5144230765625 0.3581730765625 0.5168269234375 0.346153846875 0.54326923125 0.3581730765625 0.55048076875 0.396634615625 0.5480769234375 0.40144230781249995 0.5240384609375 0.3894230765625 0.5144230765625
0 0.625 0.4230769234375 0.603365384375 0.4302884609375 0.6009615390625 0.447115384375 0.6105769234375 0.459134615625 0.66826923125 0.4615384609375 0.6514423078125 0.43509615312500005 0.625 0.4230769234375
0 0.9903177062499999 0.5017291640625 0.997587090625 0.47887607499999996 0.9158653843750001 0.43990384687499995 0.8918269234375 0.43990384687499995 0.8906233078125 0.45290665625 0.9014423078125 0.46875 0.9158653843750001 0.46634615312500005 0.96227865625 0.4944577265625 0.9903177062499999 0.5017291640625
0 0.3605769234375 0.3581730765625 0.3485576921875 0.377403846875 0.396634615625 0.3822115390625 0.4134615390625 0.3605769234375 0.40384615312500005 0.35576923125 0.3605769234375 0.3581730765625
0 0.30048076875 0.30048076875 0.28125 0.3173076921875 0.3125 0.33173076875 0.384615384375 0.310096153125 0.3581730765625 0.2980769234375 0.30048076875 0.30048076875
0 0.252403846875 0.427884615625 0.24157122343749998 0.447712771875 0.25091757187499997 0.4539454328125 0.283653846875 0.44951923125000004 0.290379940625 0.4300535671875 0.252403846875 0.427884615625
0 0.3076923078125 0.39423076875 0.310096153125 0.39423076875 0.310096153125 0.396634615625 0.314903846875 0.396634615625 0.314903846875 0.3990384609375 0.334134615625 0.3990384609375 0.334134615625 0.396634615625 0.3389423078125 0.396634615625 0.3389423078125 0.39423076875 0.34375 0.3918269234375 0.34375 0.3798076921875 0.341346153125 0.3798076921875 0.341346153125 0.377403846875 0.3269230765625 0.377403846875 0.3269230765625 0.3798076921875 0.3173076921875 0.3798076921875 0.3173076921875 0.3822115390625 0.3076923078125 0.384615384375 0.3076923078125 0.39423076875
0 0.43509615312500005 0.302884615625 0.43269230781249995 0.302884615625 0.43269230781249995 0.3076923078125 0.4375 0.3076923078125 0.4375 0.310096153125 0.4447115390625 0.310096153125 0.447115384375 0.314903846875 0.4543269234375 0.314903846875 0.4543269234375 0.3173076921875 0.45673076874999996 0.3173076921875 0.45673076874999996 0.314903846875 0.46394230781249995 0.314903846875 0.46394230781249995 0.3173076921875 0.4927884609375 0.3173076921875 0.4927884609375 0.314903846875 0.49759615312500005 0.314903846875 0.49759615312500005 0.3052884609375 0.49519230781249995 0.3052884609375 0.49519230781249995 0.302884615625 0.490384615625 0.302884615625 0.48798076874999996 0.2980769234375 0.48076923125000004 0.2980769234375 0.48076923125000004 0.2956730765625 0.4543269234375 0.2956730765625 0.4543269234375 0.2980769234375 0.44230769218750005 0.2980769234375 0.44230769218750005 0.30048076875 0.43509615312500005 0.30048076875 0.43509615312500005 0.302884615625
0 0.396634615625 0.252403846875 0.3990384609375 0.252403846875 0.40144230781249995 0.2572115390625 0.4230769234375 0.2572115390625 0.4230769234375 0.259615384375 0.43509615312500005 0.259615384375 0.43509615312500005 0.2572115390625 0.43990384687499995 0.2572115390625 0.43990384687499995 0.2548076921875 0.44230769218750005 0.2548076921875 0.44230769218750005 0.2427884609375 0.43990384687499995 0.2427884609375 0.43990384687499995 0.24038461562500002 0.43509615312500005 0.24038461562500002 0.43509615312500005 0.23798076875000002 0.3918269234375 0.23798076875000002 0.3918269234375 0.247596153125 0.39423076875 0.247596153125 0.39423076875 0.25 0.396634615625 0.25 0.396634615625 0.252403846875