0 0.3488499421875 0.49191800781249995 0.3888248125 0.4821659140625 0.3867741265625 0.4654644171875 0.3638359953125 0.4561713734375 0.321475196875 0.466216421875 0.3259118125 0.4826249625 0.3488499421875 0.49191800781249995
0 0.47538871250000003 0.4376306234375 0.4745521359375 0.41109245781250003 0.4381773015625 0.410714928125 0.4333631578125 0.4306812203125 0.44705052968750003 0.4435320140625 0.47538871250000003 0.4376306234375
0 0.5234878609375 0.25734809062499997 0.5864431484375 0.237508659375 0.5814629109375 0.1969478796875 0.549274021875 0.191212584375 0.5244935875000001 0.20636473125000002 0.512521659375 0.2272098890625 0.5234878609375 0.25734809062499997
0 0.38301105 0.277018371875 0.4089210171875 0.29079031875 0.4429522125 0.27208042187500003 0.45584529218750003 0.23901266875 0.4210198078125 0.21180401875000002 0.370622359375 0.21557014843750003 0.370830740625 0.2567168375 0.38301105 0.277018371875
0 0.043082759375 0.15164531406249998 0.05069959375000001 0.21367944843750003 0.0831391484375 0.241181053125 0.13470841875 0.2469586359375 0.1466380578125 0.2454938609375 0.15680996875 0.229713515625 0.14119877187500002 0.14202008125 0.1063732875 0.11481143125 0.056268795312499995 0.12096348906250001 0.043082759375 0.15164531406249998
0 0.146097490625 0.08329302656250001 0.1364692015625 0.123225609375 0.1498213328125 0.15307085625 0.18766094375 0.1653780265625 0.2231569109375 0.158597771875 0.23152880312500002 0.1478822375 0.2286415390625 0.104642575 0.2021879484375 0.066718390625 0.1679060859375 0.06366197812499999 0.146097490625 0.08329302656250001
0 0.27518828281249996 0.089239759375 0.2804614765625 0.132186465625 0.317086978125 0.1543303046875 0.358861865625 0.1395134 0.3726338125 0.11360343125000001 0.3631746734375 0.0760144890625 0.3188054765625 0.049977659375 0.29821098749999997 0.059772040625 0.27518828281249996 0.089239759375
0 0.40976370468749995 0.041231292187500004 0.439065328125 0.0037269234375000002 0.3173829890625 0.0186676375 0.325084396875 0.0419410078125 0.3584451046875 0.057220018750000004 0.40976370468749995 0.041231292187500004
0 0.42428765625000003 0.0806202515625 0.4339974625 0.1399755015625 0.45630739374999996 0.163877071875 0.4912174546875 0.15232495937499999 0.5085894343749999 0.11628536874999999 0.5018091796874999 0.0807894 0.46995553437500004 0.0580596515625 0.43684549375000004 0.06454695 0.42428765625000003 0.0806202515625
0 0.55482255 0 0.5588207890625 0.05199216718750001 0.600553390625 0.0565556421875 0.6378493765625 0.044710575 0.6587791078125 0.017921740624999998 0.662911103125 0 0.55482255 0
0 0.281923196875 0.2821647046875 0.3334501796875 0.30732266875 0.351951696875 0.3002071703125 0.34605030625 0.2718689859375 0.30080224375000003 0.238674371875 0.2793288890625 0.2413109671875 0.27451474375 0.2612772609375 0.281923196875 0.2821647046875
0 0.8669072359375001 0 0.8762730546874999 0.09293658437499999 0.8436220640625001 0.162336884375 0.7693653328125001 0.169032565625 0.712353721875 0.1978298 0.6466349765625 0.2543370171875 0.6077473546875 0.3123935875 0.6175417359375001 0.3329880765625 0.656595453125 0.3354585796875 0.6774406109375 0.3474305078125 0.7054858390625001 0.33914318906249996 0.743745265625 0.29569514375 0.772376403125 0.29217968125 0.785477865625 0.30025861875 0.7723341171875 0.3115600640625 0.7704918125 0.33600525625 0.8056525375 0.346219453125 0.8527851921874999 0.33558849375 0.9014671968749999 0.2981264140625 0.9033517890624999 0.2543008390625 0.8738840703124999 0.23127813437500003 0.8697826984375 0.197875140625 0.9236140890625 0.123452315625 0.9558452656249999 0.10980722968750001 0.9423626328125 0 0.8669072359375001 0