0 0.665373365625 0.23365857656250003 0.6375682890625 0.22207848437500002 0.584470840625 0.2228250765625 0.48959754687499996 0.2400479234375 0.4485755109375 0.2636962109375 0.45058567343749995 0.28282163125 0.475870828125 0.31642036406249996 0.5650797125 0.31429539218749997 0.6517758921875 0.288263646875 0.6710305578125 0.264486115625 0.665373365625 0.23365857656250003
0 0.8377317703125 0.35573403593749997 0.9078152312500001 0.355619228125 0.9823067515625 0.32845315625 0.9786669421875 0.2708256234375 0.9026677984375 0.2836476296875 0.8459161015625 0.3186175203125 0.8290521140625 0.3421437828125 0.8377317703125 0.35573403593749997
0 0.827278784375 0.41725986875 0.8583575937499999 0.4139933546875 0.8998821687499999 0.3951264234375 0.9079372578125 0.3797772765625 0.8498071828124999 0.37863573125 0.8111758265625 0.40203274687499996 0.8121809078125001 0.411595459375 0.827278784375 0.41725986875
0 0.773922846875 0.4615412 0.8052529265624999 0.4606653625 0.8542008046875 0.44343529843749996 0.8672885171875 0.4299742875 0.866032165625 0.41802089843749995 0.7969537859375 0.4276984171875 0.7631037843749999 0.45059289218750004 0.773922846875 0.4615412
0 0.6113712046875001 0.3867767515625 0.6035746046875 0.3585911609375 0.5480864796875 0.3595890234375 0.5030369 0.390911884375 0.524675025 0.41280849843749995 0.577521203125 0.409671228125 0.6113712046875001 0.3867767515625
0 0.36983405 0.11244451562499999 0.317870928125 0.10098644999999999 0.2609972046875 0.11179829375000001 0.26098276875000004 0.20364912343750002 0.2765831859375 0.21409489062499998 0.324648009375 0.21146016250000002 0.35686114375 0.1959889890625 0.378003946875 0.16717883125 0.3792675171875 0.133206803125 0.36983405 0.11244451562499999
0 0.3492869390625 0.3538957375 0.3536877796875 0.3727698890625 0.37457209375 0.38749446875000004 0.41621869531250005 0.392785584375 0.46038521718750003 0.3760580578125 0.46617887343750003 0.3391928125 0.4553598109375 0.3282445078125 0.3804949921875 0.3288618546875 0.3492869390625 0.3538957375
0 0.4905737515625 0.43331229687499995 0.4830284234375 0.4075173828125 0.42514961875 0.4087665171875 0.40514114375 0.425372015625 0.412435203125 0.44877625156249995 0.4559699390625 0.449034740625 0.4905737515625 0.43331229687499995
0 0.21853182499999999 0.5126638859375 0.2742712203125 0.5140567015624999 0.315795796875 0.4951897703125 0.3137856328125 0.47606434843749995 0.29365513125 0.46851180000000003 0.23627886875 0.4745422890625 0.21098649531250002 0.48686897343749996 0.21853182499999999 0.5126638859375
0 0.451052121875 0.517230065625 0.45432585468750003 0.5023834578125 0.3617212125 0.4951969890625 0.29704367187499997 0.5237486578125 0.3131466296875 0.538975778125 0.376309328125 0.542005459375 0.451052121875 0.517230065625
0 0.6214220171875 0.4824038578125 0.61249109375 0.466422925 0.542910171875 0.47131908749999996 0.531961865625 0.48213815000000004 0.540892790625 0.49811908281250006 0.5963809171875 0.4971212203125 0.6214220171875 0.4824038578125
0 0.774920709375 0.517029325 0.7827245265625 0.4992895 0.7511431765625 0.497774659375 0.72106945 0.5106038859375001 0.72496775 0.52469668125 0.7586885062500001 0.5235695734375 0.774920709375 0.517029325
0 0.7200571499999999 0.5469665906250001 0.7214427453125001 0.537152609375 0.6922520734375001 0.5353864984375 0.6550063125000001 0.5489695359375 0.663434696875 0.5601691109375 0.6971554546875 0.5590420046875 0.7200571499999999 0.5469665906250001
0 0.5184864171875 0.5609012671875 0.50766735625 0.549952959375 0.43833770312500003 0.5572398 0.4295288046875 0.5654169140625 0.44085040781249996 0.5811465765625 0.5104313296874999 0.5762504140625 0.5184864171875 0.5609012671875
0 0.783341875 0.57415431875 0.77541603125 0.5677360984375001 0.7228211234375 0.5732640453125 0.6805427359375 0.58495894375 0.688971121875 0.596158521875 0.74898933125 0.5922674390625 0.783341875 0.57415431875
0 0.615613925 0.611119934375 0.61926095625 0.6228220515625 0.66971645625 0.619936053125 0.6801622218750001 0.604335634375 0.66506434375 0.598671225 0.615613925 0.611119934375
0 0.52061860625 0.604184734375 0.5150834390625 0.5975152421875001 0.4696605640625 0.6022893781249999 0.4611029359375 0.6128571703125 0.474312675 0.6235542078125 0.500610128125 0.6207902328125 0.52061860625 0.604184734375