0 0.6706730765625 0.4615384609375 0.6730769234375 0.4447115390625 0.6298076921875 0.43990384687499995 0.6081730765625 0.4519230765625 0.6081730765625 0.46875 0.6490384609375 0.47355769218750005 0.6706730765625 0.4615384609375
0 0.5144230765625 0.40865384687499995 0.5168269234375 0.43509615312500005 0.5456730765625 0.4375 0.5576923078125 0.4230769234375 0.55048076875 0.40384615312500005 0.5144230765625 0.40865384687499995
0 0.4543269234375 0.23076923124999998 0.43990384687499995 0.2115384609375 0.4134615390625 0.19951923124999998 0.3822115390625 0.20913461562500002 0.3822115390625 0.25 0.447115384375 0.26201923125 0.4543269234375 0.23076923124999998
0 0.528846153125 0.2668269234375 0.564903846875 0.28125 0.5889423078125 0.2644230765625 0.5985576921875 0.2427884609375 0.59375 0.20192307656250003 0.54326923125 0.20432692343749997 0.51201923125 0.23557692343749997 0.528846153125 0.2668269234375
0 0.89423076875 0.06971153906250001 0.84375 0.06971153906250001 0.8125 0.10096153906250001 0.8076923078125 0.189903846875 0.8197115390624999 0.20432692343749997 0.83173076875 0.20432692343749997 0.8822115390624999 0.1923076921875 0.9110576921875 0.1610576921875 0.9110576921875 0.0985576921875 0.89423076875 0.06971153906250001
0 0.7764423078125 0.0264423078125 0.7427884609375 0.033653846875 0.721153846875 0.07451923125 0.7235576921875 0.11778846093749999 0.7331730765625 0.127403846875 0.76923076875 0.1298076921875 0.8052884609375001 0.11298076875 0.814903846875 0.08173076875 0.80048076875 0.04326923125 0.7764423078125 0.0264423078125
0 0.584134615625 0.0625 0.5793269234375 0.10096153906250001 0.596153846875 0.125 0.6394230765625 0.134615384375 0.6730769234375 0.1081730765625 0.6730769234375 0.064903846875 0.646634615625 0.0384615390625 0.625 0.03125 0.584134615625 0.0625
0 0.5 0 0.533653846875 0.033653846875 0.5865384609375 0.04326923125 0.6177884609375 0.0240384609375 0.622596153125 0 0.5 0
0 0.447115384375 0.08413461562499999 0.4447115390625 0.12019230781250001 0.46634615312500005 0.153846153125 0.502403846875 0.1610576921875 0.521634615625 0.134615384375 0.5240384609375 0.07451923125 0.509615384375 0.060096153124999996 0.4759615390625 0.057692307812499996 0.447115384375 0.08413461562499999
0 0.38701923125 0.0625 0.384615384375 0.009615384375 0.2740384609375 0.014423076562500001 0.283653846875 0.040865384375 0.3076923078125 0.064903846875 0.346153846875 0.07211538437500001 0.38701923125 0.0625
0 0.622596153125 0.283653846875 0.6418269234375 0.2884615390625 0.689903846875 0.2572115390625 0.6947115390625 0.23557692343749997 0.6875 0.216346153125 0.665865384375 0.216346153125 0.625 0.2548076921875 0.622596153125 0.283653846875
0 0 0.16826923124999998 0.033653846875 0.177884615625 0.096153846875 0.2451923078125 0.096153846875 0.278846153125 0.06971153906250001 0.3052884609375 0.0769230765625 0.3485576921875 0.1298076921875 0.3798076921875 0.177884615625 0.384615384375 0.2115384609375 0.3701923078125 0.20673076875000002 0.346153846875 0.1923076921875 0.3365384609375 0.20432692343749997 0.3269230765625 0.23317307656250003 0.3269230765625 0.2764423078125 0.365384615625 0.3052884609375 0.3701923078125 0.32451923125 0.35576923125 0.36298076875 0.3485576921875 0.3701923078125 0.3269230765625 0.32451923125 0.2740384609375 0.252403846875 0.2259615390625 0.1923076921875 0.20432692343749997 0.11778846093749999 0.20673076875000002 0.0769230765625 0.1418269234375 0.07451923125 0.03125 0 0.033653846875 0 0.16826923124999998