0 0.22876480937500002 0.1358583828125 0.171008440625 0.1771387484375 0.0679754421875 0.1858069359375 0.06410508125 0.207682875 0.07751144062500001 0.21466262343750003 0.2771783 0.213365725 0.29843155781249997 0.1905314578125 0.32203021718749997 0.1902264359375 0.3326954453125 0.16349398125 0.327531715625 0.1378831796875 0.22876480937500002 0.1358583828125
0 0.3918416140625 0.019302053125 0.36397686406249996 0.030300057812499996 0.3434088890625 0.0615623734375 0.3450690078125 0.0756635671875 0.386735846875 0.0828282703125 0.41141552031249995 0.1021342578125 0.4822114984375 0.101219190625 0.5201623703125 0.0689985484375 0.5315128812500001 0.05069414375 0.5338293015625 0.028654878124999998 0.49924688125000005 0.013878753125 0.3918416140625 0.019302053125
0 0.14793118125 0.5312369421875001 0.19560142656249999 0.5111792140625 0.20131527968750002 0.48671169062499997 0.094962046875 0.46717749062499997 0.07739577343750001 0.484828590625 0.0815846671875 0.504766253125 0.14793118125 0.5312369421875001
0 0.38036146875 0.3998827328125 0.35947341875 0.40374163750000003 0.34917121562500003 0.41033570625 0.35451831875 0.41925373437499996 0.43555818281249997 0.426874284375 0.481025415625 0.41651726718750004 0.5111477718749999 0.39393602968749997 0.50977720625 0.3770799296875 0.45372917187499995 0.3572623359375 0.4193905046875 0.385821865625 0.38036146875 0.3998827328125
0 1 0.2139183703125 0.7725377921875001 0.17908451875 0.652121896875 0.18871103125 0.6516489703125 0.2081587140625 0.6585500140625 0.21724006875000001 0.6853627328125 0.2311995625 0.9232218015625 0.270126265625 0.976924434375 0.2674146171875 1 0.22317414375000003 1 0.2139183703125
0 0.3576939078125 0.673053578125 0.381688296875 0.683931515625 0.4211159140625 0.6825048406249999 0.44236917187499997 0.659670575 0.43109585937499995 0.6473443359375 0.3875855265625 0.6427712156250001 0.3594312234375 0.6565241281249999 0.3576939078125 0.673053578125
0 0.16640483749999999 0.7142257984375 0.1712500328125 0.6980230015625 0.114729071875 0.697653090625 0.10453677187499999 0.7049378625 0.10930477031250001 0.71936570625 0.16640483749999999 0.7142257984375
0 0.091082196875 0.7731572671875 0.11283736250000001 0.775443828125 0.127874859375 0.7519562578125 0.12408169531249999 0.7432015546875 0.09242378125 0.7454448578124999 0.083206315625 0.7584027718749999 0.091082196875 0.7731572671875
0 0.62889024375 0.604070509375 0.6475375296875 0.60603041875 0.6564654421875 0.5958274140625 0.6392659187499999 0.5800929625 0.621883021875 0.5810512890624999 0.62014570625 0.5975807375 0.62889024375 0.604070509375
0 0.7968412265625 0.5158798906250001 0.835979290625 0.5172081265624999 0.85791783125 0.5028019109375 0.8003158562499999 0.48282099218749996 0.7895444515625 0.4956155796875 0.7883862421875001 0.5066352125 0.7968412265625 0.5158798906250001
0 1 0.049797978124999996 0.9951372624999999 0.049286884375 0.987763290625 0.0596532140625 0.8992948625 0.064281515625 0.875512828125 0.0812793125 0.8096682234375001 0.0799294484375 0.8061646124999999 0.0684198390625 0.754884578125 0.06303009062500001 0.6505871921875 0.0687800421875 0.52005619375 0.05506068125 0.4624060015625 0.110278915625 0.42044960937500003 0.1058691203125 0.37488342812500003 0.0760118484375 0.30097956875 0.0766002640625 0.2876793875 0.0835583828125 0.257893946875 0.1277786125 0.32850655156249997 0.1435563203125 0.32474236875 0.179370128125 0.29745672343749996 0.184858315625 0.28173394375 0.199917834375 0.2781531359375 0.21903886562500002 0.2832106875 0.230711803125 0.3205052578125 0.2346316203125 0.3383610828125 0.21422561093749998 0.39206371562500003 0.2115139609375 0.549349471875 0.1500557984375 0.7108531015625 0.15310380625 0.711538384375 0.16153185625 0.7342683859375 0.169491559375 0.7873919140625001 0.1722897265625 0.8698569359375 0.19488385625 0.8787848484375 0.1846808515625 0.9265612734375 0.1785609890625 0.9571381734375001 0.156706678125 1 0.1612116375 1 0.049797978124999996
0 0.41809471875000004 0.3674437109375 0.387199284375 0.347484421875 0.2432619265625 0.3267853125 0.23567559999999999 0.309275909375 0.1517628140625 0.3004563203125 0.1077795546875 0.3153308828125 0.083206059375 0.3099627640625 0.030188709375 0.3211024640625 0.011859956250000001 0.3609561578125 0.008674879687500001 0.3912601484375 0.0130471484375 0.394505034375 0.0521852125 0.39583326875 0.064114828125 0.3720190484375 0.0737280234375 0.37024409375 0.34169106562499996 0.40676416875 0.3537268578125 0.3968878171875 0.409272984375 0.3915845828125 0.41809471875000004 0.3674437109375
0 0.21469265937499998 0.449122928125 0.2135344484375 0.4601425625 0.23723928593750002 0.47377540781249994 0.387102853125 0.4978827265625 0.6978909453125001 0.530547871875 0.7040005296875 0.5172633078125 0.676212975 0.49763066875 0.5257703031250001 0.47903316562500003 0.37551100625 0.4437428875 0.21469265937499998 0.449122928125
0 0 0.6280498125 0.012033842187500001 0.628367215625 0.088466478125 0.6336152687500001 0.098658778125 0.6263304984375 0.0724251640625 0.6068611859375 0 0.588661809375 0 0.6280498125
0 0.41431130156249996 0.5230251828125 0.2206478484375 0.49709965 0.190543875 0.499506278125 0.1587025859375 0.5184423546875 0.1559904359375 0.5292986625 0.16473497343750002 0.5357884328125 0.2222307703125 0.5418314859375 0.26126265625 0.5292218531249999 0.5099993078125 0.5692918359375 0.5884588109375 0.55525553125 0.43588309374999995 0.54200451875 0.41431130156249996 0.5230251828125