0 0.6811343953125 0.27564129843749996 0.7021659015624999 0.3086408734375 0.7240322578125 0.33690579375 0.7531378046875 0.3518016046875 0.788784915625 0.34344157656249996 0.824706453125 0.30583878593749997 0.838344215625 0.2423383984375 0.8326259421875 0.1778659484375 0.8526738281249999 0.1472279203125 0.8305214859375001 0.065212125 0.731511203125 0.0453130125 0.6288871046875 0.073595271875 0.6068893140625 0.10144855 0.604247559375 0.13027388906249998 0.622774525 0.17747742187499999 0.6745812734375 0.215903503125 0.6811343953125 0.27564129843749996
0 0.2441742046875 0.3450491890625 0.23999996875 0.3687224515625 0.274120378125 0.39670716562499997 0.40515817343749994 0.41493080468750004 0.48620768593749997 0.4536313140625 0.511270434375 0.4360821890625 0.518086425 0.3835835875 0.48800303593749994 0.3465469921875 0.48716240937500005 0.3097848265625 0.47253524843749994 0.26815079375 0.44788414374999996 0.24183577343749998 0.39385306249999996 0.2298677078125 0.36530793125 0.23948000781249998 0.3239541078125 0.266361221875 0.32340524843749996 0.3248467484375 0.2972274453125 0.3348764703125 0.2613001265625 0.3309824453125 0.2441742046875 0.3450491890625
0 0.3531001109375 0.5717347609375001 0.3691167578125 0.5916454328125 0.4089438828125 0.6011089593750001 0.4489082203125 0.595951103125 0.469236315625 0.5775671296875 0.4525220375 0.547769728125 0.4079602609375 0.53747135625 0.4190992609375 0.5296717453124999 0.45892638437500005 0.5391352703125001 0.48315428593750004 0.526320796875 0.4569707015625 0.494853703125 0.32440042812500003 0.4714779875 0.21912879375 0.48708876874999996 0.22832366875000001 0.5180012265625 0.260076753125 0.5455685140625001 0.3531001109375 0.5717347609375001
0 1 0.53956009375 0.94101455 0.5460306828125 0.83365001875 0.531981278125 0.8027375609374999 0.541176153125 0.7906207203125 0.5268349812500001 0.7622128046875 0.5218259 0.6988554109375 0.535063575 0.683124753125 0.568903775 0.71042339375 0.6078902734375 0.7222658046875 0.651474209375 0.7950982828125001 0.6814030453125001 0.8501014265625001 0.674015078125 0.9170841968750001 0.695589665625 0.9500837703125 0.6745581578125 0.9648423671874999 0.660073990625 0.9603821437500001 0.62999638125 0.9142878874999999 0.61454593125 0.8915866859375001 0.5910156625 0.9793149734375 0.5918389515625 0.990871396875 0.5816720125 1 0.542690296875 1 0.53956009375
0 0.62867046875 0.5178062171875 0.5800716718750001 0.5165597265625 0.5806320890625 0.5410678359375 0.5598865703125 0.5618191343750001 0.5589145078125 0.58117516875 0.610160840625 0.5950931390624999 0.63466895 0.5945327218750001 0.6490101234375001 0.5824158796875001 0.6506740375 0.53144975625 0.62867046875 0.5178062171875
0 0.43917604531250004 0.7065178078125001 0.5511380140625 0.7360234421875 0.5642269171875001 0.7310085796875 0.566314034375 0.7191719484375 0.5561470953125001 0.7076155265625 0.5057356125 0.688962903125 0.43151364843750006 0.680757428125 0.43917604531250004 0.7065178078125001
0 0.3475363921875 0.617131384375 0.2748469078125 0.6140779843749999 0.2325152421875 0.6188184171875 0.21538931875 0.632885159375 0.2243039875 0.6515435609375 0.2664984375 0.6614245109375 0.330136040625 0.660440890625 0.36466809375000003 0.644561459375 0.36675521093749996 0.6327248265625001 0.3475363921875 0.617131384375
0 0.078878784375 0.3134622171875 0.0983720328125 0.299812896875 0.100876575 0.28560893906249996 0.035426284375 0.269186428125 0.0171968640625 0.35872740625 0.04240260625 0.3680537171875 0.0559089328125 0.3606715296875 0.055765939062500006 0.33379609375 0.07553939531250001 0.332400828125 0.078878784375 0.3134622171875
0 0 0.458445884375 0.020833798437500002 0.476533303125 0.13627815000000001 0.5139757640625 0.15688645625 0.507845846875 0.12387532187500001 0.44588371875000005 0.076111371875 0.4399025734375 0.0600947265625 0.41999190156250005 0.02180008125 0.4156804515625 0.0059264296875 0.42264521562499996 0 0.456255665625 0 0.458445884375
0 0 0.717145653125 0.07810173125 0.7331650515625 0.11054666718749999 0.7291222515625 0.11235357500000001 0.7050315640625 0.05595516874999999 0.6926460750000001 0 0.6976089234375 0 0.717145653125
0 0.17625982812500002 0.6333083625 0.18154911875 0.6171545015625 0.10467962187499999 0.5962775484375 0.089921025 0.6107617140625 0.090898865625 0.6329024984375 0.125156490625 0.6462658296875 0.17625982812500002 0.6333083625