0 0.44038616093750005 0.6330539921875 0.44924258593750005 0.6477099953125001 0.484959675 0.6433030015625001 0.4954719234375 0.6368396734374999 0.49467470625 0.6254389406249999 0.478556290625 0.6189283984375 0.4459565890625 0.6231174046875 0.44038616093750005 0.6330539921875
0 0.6996709046875 0.7123031078125 0.73850538125 0.707678121875 0.741224159375 0.7017597671875 0.715222103125 0.688302703125 0.6595077328125 0.6979268703125 0.66640685625 0.706991503125 0.6996709046875 0.7123031078125
0 0.6974222125 0.76974274375 0.7091302875000001 0.780380515625 0.7588756203125 0.7749925703125 0.7695207374999999 0.7704293640625 0.770547953125 0.7627198828124999 0.76222300625 0.7556643656250001 0.7107861109375 0.759261184375 0.6974222125 0.76974274375
0 0.5446601281250001 0.6906824921875 0.5772598296875 0.6864934875 0.5793142609374999 0.6710745218749999 0.5411083921875 0.6622896578125 0.51500920625 0.6698429296875 0.5208811125 0.68661704375 0.5446601281250001 0.6906824921875
0 0.6737403265624999 0.7446669609375001 0.697120734375 0.74303204375 0.6993080359375 0.7295131984375 0.653042959375 0.7174730625 0.6269437718749999 0.7250263359375 0.635800196875 0.7396823390625 0.6737403265624999 0.7446669609375001
0 0.3814930140625 0.68681694375 0.44214920468749996 0.6806660375 0.44291068125 0.6691563109375 0.42652652656249995 0.6588455234375 0.37170650312500003 0.6588600859375 0.37343380625 0.6835616718749999 0.3814930140625 0.68681694375
0 0.40330463749999995 0.5955493093750001 0.4416433765625 0.6062342968750001 0.4773604640625 0.6018273 0.48475532499999996 0.5955819609375 0.4853839328125 0.5821721140625 0.44236911250000005 0.571814109375 0.398991425 0.5786662015624999 0.40330463749999995 0.5955493093750001
0 0.74128555 0.6578389734375001 0.723378440625 0.6705476390625 0.7254686125 0.67803913125 0.7536579703124999 0.677977353125 0.86575105625 0.668229628125 0.8809393859375 0.6614393171875 0.8849511203124999 0.6516117234375 0.8781848671875 0.6444472140624999 0.77829559375 0.6495227390625 0.74128555 0.6578389734375001
0 0.5626286265625 0.63405303125 0.582395909375 0.6479460734375 0.69230169375 0.6517171921875 0.7063299375 0.6507362421875 0.7117674968750001 0.63889953125 0.63794166875 0.6135113249999999 0.5879305968749999 0.6150990281250001 0.5619642796875 0.624552421875 0.5626286265625 0.63405303125
0 0.6832409187499999 0.5893401500000001 0.6857297 0.6025320093750001 0.7395225062499999 0.6102269296875 0.8309539640624999 0.596195765625 0.8415990828125001 0.5916325609374999 0.845345078125 0.5780047234375 0.78193436875 0.5671635265625 0.710367321875 0.57407739375 0.6832409187499999 0.5893401500000001
0 0.6990120265625 0.45648782031249996 0.614709690625 0.4604734 0.5707033953125 0.4807353390625 0.5689147015625 0.499954546875 0.5760795640625 0.5128194234375 0.641447575 0.529251990625 0.6757388390625 0.5268541124999999 0.736757896875 0.5034931125 0.75154761875 0.4910024359375 0.7506175328125 0.4777015828125 0.7227910421875 0.46055326875 0.6990120265625 0.45648782031249996
0 0.734857365625 0.1179245578125 0.707925221875 0.0911666390625 0.6793372546875001 0.0855280515625 0.61155194375 0.1017245421875 0.598320915625 0.114106225 0.580776675 0.109604796875 0.53753185625 0.118357009375 0.5332543828125 0.12438435781249998 0.5381348140625 0.1717784140625 0.5477884562499999 0.19783515000000002 0.569778778125 0.22111980781249999 0.6095433406249999 0.2297956765625 0.646553384375 0.22147944375 0.66134310625 0.20898876562500002 0.6939428078125001 0.204799759375 0.7314485890625 0.18117355468750002 0.741925096875 0.15179976875 0.734857365625 0.1179245578125
0 0.398306225 0.6446455484375 0.429921340625 0.6545982343750001 0.45084929687499997 0.6543511515625 0.48598820624999994 0.6433795984375 0.4916048734375 0.638121471875 0.50209959375 0.6313058953125 0.49714852968749995 0.6158396500000001 0.4929743078125 0.614915196875 0.46186704218749997 0.61222505625 0.4305290046875 0.6204981421875 0.4050615609375 0.62714436875 0.398306225 0.6446455484375