0 0.6516093859375001 0.7087783984375 0.6771127625 0.681429375 0.6790117875 0.6669311921875 0.6519983359375 0.6510373421875 0.6167710234375 0.606566590625 0.56880728125 0.6106468328125 0.5217663609375001 0.641153275 0.510341703125 0.6583894124999999 0.5239475796875 0.7036152015625 0.6255187578125 0.7193107484375 0.6516093859375001 0.7087783984375
0 0.39603409218749996 0.691244859375 0.42402374531250003 0.666214325 0.41365918125 0.6449284609375 0.3221169921875 0.64090925 0.3072832375 0.6294006984375 0.2785385484375 0.6328097968749999 0.245576346875 0.653203353125 0.2247099484375 0.6755798265624999 0.22605223593749998 0.7140179359375 0.3508083046875 0.7048507359375 0.39603409218749996 0.691244859375
0 0.542937815625 0.5586333625 0.5111196015624999 0.5429073 0.46622938437499994 0.5661227046875 0.45505640625000005 0.5905659875 0.46036452656250004 0.604812490625 0.5302013859375 0.6071843578125 0.54891708125 0.592098921875 0.542937815625 0.5586333625
0 0.3889184953125 0.9007554343749999 0.376734190625 0.8386428218749999 0.342907153125 0.8229869078125001 0.3240333125 0.7755397687500001 0.27161530625 0.789396803125 0.23335092968749999 0.923025153125 0.23625667031250003 0.93735555 0.299473634375 0.9567957687499999 0.368723240625 0.9423509609374999 0.3889184953125 0.9007554343749999
0 0.3899937953125 0.51827336875 0.358846725 0.5217663609375001 0.347757640625 0.5486120265625 0.3600212265625 0.55539970625 0.39837544375 0.5516550359375 0.4023412765625 0.52746343125 0.3899937953125 0.51827336875
0 0.6222392765625 0.41876134531250003 0.6008695187499999 0.426723528125 0.5990543890625 0.44362409375 0.6090833812499999 0.45530043124999997 0.6668244375 0.4556893796875 0.6490849421875 0.42985043125000005 0.6222392765625 0.41876134531250003
0 0.990079365625 0.48461626874999997 0.996546759375 0.46152340468749997 0.913514725 0.4254269625 0.8894909078125 0.42626589375 0.8887418171875 0.43930278749999996 0.90010715 0.45475890156250004 0.9144375484375 0.45185316093749994 0.9618036265625 0.4783278109375 0.990079365625 0.48461626874999997
0 0.3557121671875 0.36312526875 0.344371403125 0.3827637890625 0.39258682500000003 0.3858906921875 0.40864846093749996 0.3636820046875 0.398871146875 0.3592128140625 0.3557121671875 0.36312526875
0 0.2936391890625 0.30756543125 0.2750073875 0.3250532484375 0.3067417078125 0.3383769296875 0.378058125 0.314238703125 0.351212459375 0.3031496171875 0.2936391890625 0.30756543125
0 0.250037884375 0.436569528125 0.239903853125 0.45676365781249995 0.249462025 0.4626663390625 0.2820238859375 0.4571003546875 0.288066540625 0.4374118109375 0.250037884375 0.436569528125
0 0.30411816406250003 0.4010066421875 0.30652054375 0.4009227484375 0.3066044375 0.40332513125 0.311409203125 0.40315734531249997 0.3114930953125 0.4055597265625 0.33071215 0.4048885828125 0.33062825625 0.4024862015625 0.3354330203125 0.40231841562500004 0.33534912656250004 0.3999160328125 0.340069996875 0.397345865625 0.3396505328125 0.38533395625 0.33724815 0.38541785 0.33716425625 0.38301546875 0.322749965625 0.38351882656249997 0.32283385937500003 0.3859212078125 0.3132243328125 0.3862567796875 0.313308225 0.3886591625 0.30378259218750003 0.391397115625 0.30411816406250003 0.4010066421875
0 0.4282564625 0.3052698046875 0.4258540828125 0.305353696875 0.42602186875000003 0.3101584609375 0.43082663125 0.309990675 0.430910525 0.31239305625 0.4381176703125 0.31214137656249996 0.44068783749999996 0.3168622484375 0.44789498437499997 0.3166105703125 0.4479788765625 0.3190129515625 0.45038125781250005 0.3189290578125 0.4502973640625 0.3165266765625 0.4575045109375 0.3162749984375 0.45758840312500004 0.31867737812499997 0.486416984375 0.3176706625 0.4863330921875 0.31526828125 0.49113785468750004 0.3151004953125 0.49080228281249993 0.3054909671875 0.4883999015625 0.305574859375 0.48831600937499997 0.3031724796875 0.4835112453125 0.303340265625 0.48094107656249996 0.2986193953125 0.4737339328125 0.2988710734375 0.47365003906250003 0.296468690625 0.44722383906249996 0.2973915140625 0.4473077328125 0.299793896875 0.43529582343750006 0.30021336249999997 0.435379715625 0.30261574375 0.4281725703125 0.302867421875 0.4282564625 0.3052698046875
0 0.3880566015625 0.256162075 0.3904589828125 0.2560781828125 0.3930291515625 0.260799053125 0.4146505875 0.260044015625 0.41473448125 0.26244639687500004 0.42674638906249995 0.26202693125 0.42666249531249995 0.2596245515625 0.4314672609375 0.25945676406249996 0.4313833671875 0.2570543828125 0.4337857484375 0.25697048906250003 0.4333662828125 0.2449585796875 0.430963903125 0.2450424734375 0.43088000937500004 0.2426400921875 0.42607524531249996 0.242807878125 0.42599135156249995 0.24040549531250002 0.3827484796875 0.2419155703125 0.38308405156249997 0.251525096875 0.3854864328125 0.251441203125 0.3855703265625 0.2538435859375 0.387972709375 0.25375969375 0.3880566015625 0.256162075