0 0.38349287187500003 0.7676399953125 0.424157428125 0.770199315625 0.4499763328125 0.754893659375 0.3657450015625 0.7367442953125 0.3584685359375 0.7436109328125 0.368889765625 0.759276240625 0.38349287187500003 0.7676399953125
0 0.257233728125 0.6331341171875 0.3096242609375 0.6420749812500001 0.3189080234375 0.6433797296875 0.3266194046875 0.6334185046874999 0.282810084375 0.6083272390625 0.257835925 0.60639520625 0.24328299531250003 0.6201284796875 0.257233728125 0.6331341171875
0 0.6319382250000001 0.31342148281250004 0.6346480718749999 0.33904801562500003 0.66027460625 0.33633816875 0.6843287578125 0.322362346875 0.68734808125 0.28965171875 0.66435613125 0.2848425546875 0.6491257390625 0.292169196875 0.6319382250000001 0.31342148281250004
0 0.7389773859375001 0.7418630187499999 0.718477825 0.7642276828125001 0.7423646953125 0.7738961843750001 0.771763278125 0.7780278859374999 0.7964948921875 0.7704586984375 0.8015716890625001 0.7680164859375 0.8046161015625 0.746354371875 0.7632740828125 0.7373884187499999 0.7389773859375001 0.7418630187499999
0 0.31281095 0.2938167578125 0.3013526078125 0.3079849484375 0.3011602375 0.3205807578125 0.348959065625 0.350966278125 0.3507489046875 0.3606849578125 0.3357610578125 0.3775128203125 0.3362210625 0.3854667484375 0.36830440625 0.4041764671875 0.38223005 0.4061335890625 0.393445846875 0.382464178125 0.39779500625 0.3515183 0.3917731125 0.3270041453125 0.370738284375 0.3082693359375 0.31281095 0.2938167578125
0 0.5429730796875 0.059506342187500005 0.5318743875 0.037434401562500004 0.5166189078125 0.0337125265625 0.507577690625 0.041909 0.5085227859375 0.0688653703125 0.530577975 0.1477020921875 0.541651578125 0.15872551875000002 0.55888926875 0.1595702640625 0.5875853015625 0.146246815625 0.60346806875 0.13427829375 0.6069724843750001 0.12057010625 0.5892246125 0.08967440625 0.5429730796875 0.059506342187500005
0 0.6366386171875 0.437154815625 0.591282003125 0.4118460921875 0.5488526953124999 0.4106166078125 0.5168697046874999 0.43610094843749997 0.5284534875 0.47717533124999995 0.5417518453125 0.49482285 0.5234770421875 0.52381160625 0.590177959375 0.509517975 0.67208418125 0.47684918749999994 0.69812054375 0.45999623593749994 0.7089014234375 0.43942141250000005 0.6819199671875 0.42931799374999996 0.6366386171875 0.437154815625
0 0.1664536546875 0.3584517828125 0.09469269218750001 0.2852522140625 0.0394250296875 0.2743291390625 0.0242949890625 0.325849840625 0.022605501562499998 0.360325221875 0.06269294843749999 0.40067196718750003 0.10647717968749999 0.41471471875 0.148304290625 0.44268311406249994 0.178765075 0.42802983125000005 0.230887975 0.416420959375 0.251387534375 0.3940562953125 0.2542144875 0.37394147499999997 0.2351869578125 0.36337805156249997 0.1664536546875 0.3584517828125
0 0.46195327343750003 0.5798570828125 0.454166628125 0.5566727625000001 0.41502427812500003 0.5432823859375 0.390869775 0.513064146875 0.3605511828125 0.49302459218749994 0.2657313421875 0.48285424375 0.2423295640625 0.4921881828125 0.1971485671875 0.5442190640625 0.16601031875 0.5524657125 0.16956491093749998 0.56085455625 0.235253803125 0.5874429390625 0.331160934375 0.58987681875 0.364983940625 0.5962081875 0.40364120000000003 0.590596121875 0.44034133593749997 0.5989097015625 0.4582314 0.5951125640625 0.46195327343750003 0.5798570828125
0 0.9241176531249999 0.7962841859374999 0.951707975 0.7870129578125 0.9689054125000001 0.7394644718750001 0.9445400421875 0.7491889390625001 0.9056288875 0.7594988875 0.8754607468750001 0.7684078296875 0.83937130625 0.763335790625 0.8316786625000001 0.7806629734375 0.8729645453125 0.8048736421875 0.9241176531249999 0.7962841859374999
0 0.7860076515625 0.937289409375 0.8412291015625 0.937161 0.896450553125 0.9370325906250001 0.9299213703125 0.9233282921875 0.9506614921875001 0.813163475 0.86077705 0.83997743125 0.8200809046875 0.8631853140624999 0.8039299484375 0.8845832781249999 0.72297113125 0.8995028515625 0.687284928125 0.9102660374999999 0.7307861984375 0.93741781875 0.7860076515625 0.937289409375
0 0.324741596875 0.9460959531249999 0.3685644890625 0.9522548578125001 0.37557308125 0.9584993718750001 0.31890191093750003 0.968943071875 0.39478670625 0.990127021875 0.45516379375 0.990723190625 0.492299715625 0.9696447109375 0.50406070625 0.9607785734375 0.4911308109375 0.9405530796875 0.44225492656250004 0.93631378125 0.39389861718749997 0.9216284671875 0.348222765625 0.9099496265625 0.31322061562500003 0.8971411171874999 0.28784568125 0.9093534578125 0.26581423125 0.9351844937499999 0.324741596875 0.9460959531249999