0 0.21007882812499998 0.150552778125 0.154562059375 0.19479930625 0.052123921875 0.2088479453125 0.0494037640625 0.23089646406250003 0.0631570421875 0.2371650109375 0.262482390625 0.2254201328125 0.28251146875 0.20150485156250003 0.3060618234375 0.1999651890625 0.315313365625 0.1727111953125 0.308816346875 0.147405740625 0.21007882812499998 0.150552778125
0 0.3668320546875 0.02562140625 0.3395810828125 0.038062665625 0.3206774390625 0.0703585828125 0.32307328125 0.0843535671875 0.365057990625 0.0893277765625 0.3907142375 0.1073156734375 0.4613653015625 0.1026966828125 0.497577865625 0.06853400468750001 0.5079548421875 0.0496606453125 0.5091146421875 0.0275303515625 0.47380629374999994 0.01458438125 0.3668320546875 0.02562140625
0 0.15004849375 0.5496199921875 0.19660366875 0.5270948828125 0.20102916093749998 0.502361853125 0.0937993390625 0.488420521875 0.077180928125 0.5069667796874999 0.0824075375 0.5266578875000001 0.15004849375 0.5496199921875
0 0.3752856953125 0.40628133593750004 0.3546282328125 0.4112281484375 0.3446852546875 0.4183523578125 0.3504917640625 0.4269783171875 0.43181939375 0.43034712343750003 0.476682271875 0.41762472968750003 0.5055815359375 0.3934979578125 0.5033306671875 0.3767366875 0.4463222734375 0.35987958125 0.4135253546875 0.39019711875 0.3752856953125 0.40628133593750004
0 0.643534215625 0.20932971406249998 0.671040771875 0.22186680937499997 0.9106111296874999 0.2482915828125 0.9640982484375 0.2427730703125 0.9888427671875 0.1885921828125 0.7553688703125 0.1652607953125 0.6356218140625 0.181176196875 0.6361673484375 0.200621978125 0.643534215625 0.20932971406249998
0 0.3669458578125 0.6802641390625 0.391476671875 0.6898714 0.4307755875 0.6863831984375001 0.45080466562500005 0.6624679171875 0.438901696875 0.6507485703125 0.3952116546875 0.6484588718750001 0.3678157078125 0.66366641875 0.3669458578125 0.6802641390625
0 0.1780737296875 0.73139123125 0.182064296875 0.7149570609375 0.1256014359375 0.7175457359374999 0.115804359375 0.7253539484375 0.12132091874999999 0.73951248125 0.1780737296875 0.73139123125
0 0.10593855 0.79418401875 0.127783571875 0.79532886875 0.141571215625 0.7710864859375001 0.1373250640625 0.7625423 0.105827940625 0.7664393765625 0.0973012734375 0.7798619359375001 0.10593855 0.79418401875
0 0.634160234375 0.597182290625 0.6528845375000001 0.5981635890625 0.6612662312500001 0.5875073171875 0.6432668015624999 0.5726945828125001 0.62595788125 0.5745613453125 0.62508803125 0.5911590671875 0.634160234375 0.597182290625
0 0.7972655046875 0.500322659375 0.836419446875 0.49960074531250004 0.857573959375 0.4840660984375 0.7990052046875 0.46712721718749994 0.788918178125 0.4804680015625 0.788338278125 0.49153315 0.7972655046875 0.500322659375
0 1 0.025517715625 0.9708701921875 0.0239910875 0.9640488578124999 0.0347291359375 0.8759439 0.0439811734375 0.853084053125 0.0622003328125 0.787259040625 0.0642983578125 0.7831578640625 0.0529878875 0.7316660296874999 0.0502893140625 0.6278125078125 0.061489889062500004 0.4967423828125 0.054620795312500005 0.4420610984375 0.11278053125000001 0.3999314140625 0.11057260937499999 0.3528650703125 0.08314100468749999 0.2790932890625 0.08759644375 0.2661754953125 0.095241103125 0.2387451828125 0.1409595796875 0.31008675625 0.1530200875 0.30820208125000004 0.188981815625 0.281241059375 0.195890503125 0.2663279828125 0.21175225000000003 0.2637527984375 0.23103448124999998 0.269414334375 0.24242672812500002 0.30686294062499997 0.24438932656249998 0.323626328125 0.22307678281249999 0.37711344687500004 0.21755826875 0.530967175 0.14795263281249998 0.6924089906249999 0.1425440171875 0.693534425 0.15092465156249998 0.7166498546875 0.15768385000000001 0.7698470234375 0.15769791093750002 0.853381515625 0.175945190625 0.8617632078125 0.16528891875 0.9091538671875 0.15667701875 0.9385450984375 0.1332523859375 1 0.1364731015625 1 0.025517715625
0 0.41126950781250005 0.371911965625 0.379371825 0.353596971875 0.23454842187499997 0.3404593296875 0.22605611875 0.323370959375 0.1417967515625 0.3189551140625 0.09865224375000001 0.3361111984375 0.07383148125 0.3320365125 0.0214697953125 0.3459356609375 0.00525194375 0.3866939875 0.00365721875 0.4171231421875 0.0081933203125 0.42013475468749995 0.0473472609375 0.419412840625 0.0580141875 0.395006909375 0.0675213140625 0.392731271875 0.3370284359375 0.4151771953125 0.3485308453125 0.4046844734375 0.4037232984375 0.3964814484375 0.41126950781250005 0.371911965625
0 0.21242096250000003 0.4641244859375 0.2118410625 0.47518963437500006 0.23622690156249998 0.48756318125 0.387146765625 0.5037942078125 0.6992184953125 0.5201491953125 0.7046244453125 0.5065630859375 0.67584748125 0.48841164062500003 0.5246376671874999 0.4777131859375 0.37273734375 0.45033523593749997 0.21242096250000003 0.4641244859375
0 0 0.65423433125 0.0194208046875 0.65372946875 0.096023353125 0.6549701531250001 0.10582042968750001 0.64716194375 0.0786038234375 0.629092275 0 0.6136629375 0 0.65423433125
0 0.41563377968750004 0.527478228125 0.2208788984375 0.5117237859375 0.19094213437500002 0.5157026375 0.1601355203125 0.5362792078124999 0.1579952625 0.5472625796874999 0.1670674640625 0.553285803125 0.22480073437499998 0.556311475 0.263119190625 0.541676353125 0.513612059375 0.56867355 0.5912294328125001 0.550550228125 0.438169309375 0.545302571875 0.41563377968750004 0.527478228125