0 0.352549675 0.465793859375 0.39361066875 0.46313148593750003 0.394491321875 0.4463276234375 0.37351539375 0.433192596875 0.330053846875 0.4357291640625 0.331573746875 0.4526588328125 0.352549675 0.465793859375
0 0.48659294218750004 0.43430444843749993 0.490377378125 0.40802418749999997 0.4546207171875 0.40133596875000005 0.44641260000000005 0.42016296249999996 0.4576605140625 0.43519530937499995 0.48659294218750004 0.43430444843749993
0 0.565267090625 0.26511314218750004 0.630711025 0.2565071875 0.6328497546875 0.21569780781249998 0.6021458109375 0.20446010312500001 0.5751107046875 0.2150789765625 0.5597009328125 0.233528546875 0.565267090625 0.26511314218750004
0 0.423508728125 0.2600910453125 0.44663359218750004 0.278152984375 0.483396715625 0.26563678749999997 0.501836075 0.23531026875 0.4722644015625 0.202467596875 0.421978621875 0.197425084375 0.41503878906249997 0.23798285 0.423508728125 0.2600910453125
0 0.11051551562499999 0.0775947578125 0.10724451718750001 0.14000910312499998 0.1344156390625 0.1727259671875 0.184198190625 0.1873706859375 0.1962009484375 0.1879997234375 0.208958553125 0.1742254515625 0.20881232968750002 0.0851534203125 0.17924065625000002 0.052310749999999996 0.12882906875 0.049668790625 0.11051551562499999 0.0775947578125
0 0.223834471875 0.0281692171875 0.2074182375 0.0658231984375 0.21538494843749997 0.0975336015625 0.2505125703125 0.116224578125 0.2866466546875 0.11571114062500001 0.2967520921875 0.10661216250000001 0.3014171796875 0.0635280390625 0.28195094374999996 0.0215863921875 0.24872064218749998 0.012623429687500002 0.223834471875 0.0281692171875
0 0.3499314453125 0.056441984375 0.347666909375 0.099651915625 0.37989075156249996 0.127819290625 0.42360391249999996 0.12048162031250001 0.44166585156249993 0.09735675625 0.43887766875 0.0586963125 0.3997037875 0.0253504109375 0.37772139843749997 0.0314197984375 0.3499314453125 0.056441984375
0 0.40457690937499996 0 0.40728286562499993 0.018526178125 0.437483578125 0.0393660921875 0.49079894687500003 0.0325316515625 0.5261679781249999 0.0006852328125 0.5130929578125001 0 0.40457690937499996 0
0 0.49826242656249997 0.07384426250000001 0.4975177875 0.1339838625 0.5153383171875 0.16139639374999998 0.55172401875 0.1560818515625 0.5750902890625 0.12360639531249999 0.5745768515624999 0.08747231093749999 0.5471541125 0.059556551562500004 0.51342058125 0.0601957953125 0.49826242656249997 0.07384426250000001
0 0.6760290624999999 0.08075347031249999 0.7148153140625 0.0755647375 0.7400789078125001 0.0528172953125 0.751065 0.026914456250000003 0.6408912328125 0.016326203125 0.6357229140625 0.069012534375 0.6760290624999999 0.08075347031249999
0 0.3230629765625 0.2476054734375 0.36943851250000004 0.281328796875 0.38889454375 0.2775341546875 0.38800368281250003 0.24860172500000002 0.3492072234375 0.20805416718749997 0.3276022578125 0.2069218984375 0.319394140625 0.2257488921875 0.3230629765625 0.2476054734375
0 1 0.0584491390625 0.9494301421875001 0.054160348437500005 0.9412424421875001 0.164459921875 0.8970362578125 0.227136090625 0.822744959375 0.2208355046875 0.761598896875 0.23929528125 0.6870661921875 0.2835320875 0.6386879421875 0.3339538828125 0.6447573296875 0.355936271875 0.682788734375 0.3651508484375 0.701238303125 0.38056061875 0.7302965390625 0.37726920625 0.7755193921875 0.3411249140625 0.8043260125 0.34263460625 0.8158255421874999 0.35286585000000004 0.8009190015625001 0.3617132140625 0.794859821875 0.38546711562499997 0.8277127 0.40163173125 0.8759753515625001 0.3993467796875 0.9304229890625001 0.3709073734375 0.9398891796875001 0.3280748640625 0.9148669937499999 0.3002849109375 0.9166283 0.26667718749999997 0.9825652578125 0.20273273593750002 1 0.19872510625 1 0.0584491390625