0 0.6328362296875001 0.7211975625 0.6606261828125 0.6961753765625 0.6637815812500001 0.6818978734375001 0.6382561640625 0.663710128125 0.6070387828125 0.6163383375 0.5589019421875 0.6162227375 0.509381215625 0.6425132078125 0.496497803125 0.6586880328125 0.5061102171875 0.704927553125 0.6059269296875 0.7294158859375 0.6328362296875001 0.7211975625
0 0.3797616265625 0.6814558890625 0.40982632499999994 0.6589600625 0.4013563859375 0.636851865625 0.310512840625 0.624869521875 0.29673856875000004 0.6121119171875 0.2678061390625 0.613002778125 0.2331919546875 0.6304458859375 0.2104547203125 0.650918584375 0.2084417984375 0.6893274125 0.3335221046875 0.6910683046874999 0.3797616265625 0.6814558890625
0 0.5376641906249999 0.5621525218750001 0.5073376703125 0.5437131625 0.46059491875 0.562927784375 0.4473340828125 0.5863042640625 0.4513803421875 0.6009591890625 0.5207447281250001 0.6094087125 0.5407039874999999 0.5960118624999999 0.5376641906249999 0.5621525218750001
0 0.35441305624999997 0.8895490468749999 0.3476885875 0.8266108609374999 0.315354775 0.8080663015624999 0.3006880453125 0.75915475 0.2472617859375 0.7683905234374999 0.1974965390625 0.8981754171875 0.1991422453125 0.912704534375 0.2604243234375 0.9375804984375 0.3306693609375 0.929226159375 0.35441305624999997 0.8895490468749999
0 0.38881977343749996 0.5086161609375 0.3574867921875 0.509381215625 0.3441001515625 0.535158246875 0.3557254859375 0.5429889390625 0.39426012187500004 0.542601309375 0.40031930156250006 0.51884740625 0.38881977343749996 0.5086161609375
0 0.628854534375 0.42972433906249996 0.6068721453125 0.435793725 0.6035909421875 0.45247177968749996 0.6125641109375 0.46497776875 0.6700515453125 0.4703977015625 0.654631565625 0.4431109796875 0.628854534375 0.42972433906249996
0 0.9895552453124999 0.527388040625 0.99801070625 0.5049467203125 0.9184406453125 0.46175091874999996 0.894435128125 0.46049284375 0.892552646875 0.473414840625 0.90252764375 0.48980269375 0.9170567609375 0.48815698750000003 0.9619351796875 0.5186591171875 0.9895552453124999 0.527388040625
0 0.3681906453125 0.3510706046875 0.355181425 0.3696459828125 0.40294084531249996 0.3769632375 0.4208769765625 0.356238925 0.411526384375 0.350934590625 0.3681906453125 0.3510706046875
0 0.31119623281250003 0.2903121734375 0.291111165625 0.30610957499999997 0.32156349375 0.32214838437500004 0.3947123140625 0.3043176453125 0.3689352828125 0.2909310046875 0.31119623281250003 0.2903121734375
0 0.25651739687499997 0.41502526562500003 0.24466189374999997 0.43425931249999994 0.25366924062499996 0.44097258124999994 0.2865923015625 0.43826573125 0.29432793125 0.419178759375 0.25651739687499997 0.41502526562500003
0 0.3134913921875 0.3843111140625 0.31589194374999996 0.384436921875 0.3157661359375 0.386837475 0.320567240625 0.387089090625 0.3204414328125 0.389489640625 0.339645846875 0.39049610156250003 0.3397716546875 0.38809555156250003 0.3445727578125 0.388347165625 0.344698565625 0.38594661406249997 0.3496254765625 0.383797678125 0.3502545140625 0.37179491875 0.3478539625 0.3716691109375 0.3479797703125 0.36926855937499997 0.333576459375 0.3685137140625 0.3334506515625 0.370914265625 0.3238484453125 0.370411034375 0.3237226375 0.3728115875 0.3139946234375 0.3747089078125 0.3134913921875 0.3843111140625
0 0.44550132343750004 0.29975795 0.4431007734375 0.29963214374999997 0.44284915781249995 0.304433246875 0.44765026093750004 0.3046848609375 0.44752445312500005 0.3070854125 0.454726109375 0.3074628359375 0.4568750453125 0.3123897484375 0.4640767015625 0.3127671703125 0.46395089375 0.31516772187500003 0.46635144375 0.3152935296875 0.4664772515625 0.312892978125 0.4736789078125 0.31327040156249997 0.4735531 0.31567095156249997 0.5023597203125 0.3171806421875 0.502485528125 0.3147800921875 0.5072866312500001 0.3150317078125 0.5077898625 0.3054294984375 0.5053893109375001 0.305303690625 0.50551511875 0.302903140625 0.5007140156250001 0.30265152500000003 0.49856507812500006 0.2977246140625 0.49136342343750006 0.297347190625 0.49148923125 0.2949466390625 0.46508316250000004 0.29356275468750004 0.4649573546875 0.2959633078125 0.4529545953125 0.29533427031250004 0.4528287875 0.2977348203125 0.44562713125000003 0.29735739843750003 0.44550132343750004 0.29975795
0 0.40973445625 0.24733344218750003 0.41213500625000005 0.24745925 0.41428394375 0.2523861609375 0.435888909375 0.2535184296875 0.43576310312500005 0.2559189796875 0.44776586093750004 0.25654801875 0.4478916671875 0.25414746718750003 0.4526927734375 0.2543990828125 0.45281857968750006 0.2519985296875 0.45521913124999996 0.2521243375 0.45584816874999995 0.24012157812499998 0.45344761875 0.23999577031250002 0.4535734265625 0.23759522031250002 0.44877232031250003 0.23734360468750001 0.448898128125 0.2349430515625 0.4056881984375 0.23267851562500003 0.40518496718749997 0.242280721875 0.40758551875000004 0.24240652968749998 0.40745971093750005 0.24480708281250002 0.4098602640625 0.24493289062499998 0.40973445625 0.24733344218750003