0 0.584095528125 0.7781043046875 0.5970786875 0.764486615625 0.591105146875 0.756460753125 0.5050018765625001 0.7597077703124999 0.5277707328125001 0.7792643046875 0.5682619250000001 0.78380519375 0.584095528125 0.7781043046875
0 0.653443153125 0.6726477609375 0.6628124421875 0.67297494375 0.7159596109375 0.67326743125 0.73195680625 0.6628818984375 0.7200097249999999 0.6468301734375 0.695079484375 0.6443961375 0.6475786734375 0.6614988015625001 0.653443153125 0.6726477609375
0 0.3705799046875 0.310993165625 0.395346553125 0.3181118453125 0.40246523281249996 0.293345196875 0.38922925625000004 0.2694312 0.37550250625000003 0.2595711375 0.352024753125 0.260314728125 0.349318065625 0.293052709375 0.3705799046875 0.310993165625
0 0.1564692875 0.7115773375 0.161044871875 0.7148640265624999 0.18408638125000001 0.7266128203125 0.2137557953125 0.7276488984375 0.2389586890625 0.72227519375 0.2226541453125 0.6966905875 0.199503575 0.688064890625 0.1572327140625 0.6897156640625 0.1564692875 0.7115773375
0 0.6463344234374999 0.4285009421875 0.6811792578125 0.41564667968749996 0.6830134578125 0.40789346875000004 0.6711754390625 0.388718646875 0.6746257171875001 0.37945841874999997 0.7269747640625 0.35783470156249997 0.72897255625 0.345396846875 0.720148571875 0.3294541828125 0.6605916203125 0.3336282171875 0.6366230921875 0.3484257421875 0.626435846875 0.37152178125 0.6253452375 0.4027527453125 0.632280490625 0.42801016875000003 0.6463344234374999 0.4285009421875
0 0.5310624625 0.14774447968749999 0.5664724359375 0.07393530781249999 0.5720840984375 0.0475525796875 0.5646035406250001 0.0379106390625 0.548933528125 0.0389268828125 0.5341706984375 0.058736234374999995 0.48338320156250003 0.08041448125 0.460539978125 0.107758921875 0.4616107515625 0.12186738593749999 0.47517391093750005 0.13641209375000002 0.5011203953125001 0.1545161421875 0.5182428953125 0.156677525 0.5310624625 0.14774447968749999
0 0.4597814609375 0.4876513703125 0.47594224687500003 0.47258119374999996 0.49448253906249995 0.434142325 0.46741075 0.4034913609375 0.425412540625 0.39733439375 0.3763501828125 0.414382528125 0.3331176078125 0.398801740625 0.30479161875 0.4040663859375 0.3118359328125 0.4262007125 0.334550259375 0.44731879531249996 0.40953926718749994 0.49371413750000004 0.472744784375 0.5193731078125 0.4597814609375 0.4876513703125
0 0.8563056343750001 0.5046252046874999 0.9023539578124999 0.4843449140625 0.94791150625 0.47811855625 0.9943960734375 0.4453458796875 0.998718840625 0.41110088125 0.9927651359375 0.3577355921875 0.936440340625 0.358895590625 0.8530586171874999 0.418521934375 0.7845140890625 0.41143794843750003 0.7639413109375 0.41853679374999997 0.7632324140625 0.43883692031250005 0.7795369578125 0.464421525 0.8288521328125 0.484905078125 0.8563056343750001 0.5046252046874999
0 0.5791630421875 0.6059522937499999 0.6162584843750001 0.6181918625 0.650667075 0.6178299843749999 0.7455398 0.6320871796875001 0.8148477546875 0.6173094906250001 0.8198050515625 0.609665340625 0.7905718796875 0.5961368765625 0.7551123515625 0.5370508625 0.7336869203124999 0.5237950515625001 0.6385415437499999 0.517345596875 0.6052037265625 0.5318159390625 0.5761688421875 0.5573807093750001 0.5352959375 0.5637706578125 0.5236016734375 0.5852506187500001 0.5246179171875001 0.60092063125 0.541576825 0.607766659375 0.5791630421875 0.6059522937499999
0 0 0.6737097375000001 0.0053152078125 0.70421431875 0.0308764390625 0.71813570625 0.079760871875 0.7354773125 0.1246236671875 0.7188036765625 0.1200567265625 0.70040391875 0.08363481406249999 0.6991320375 0.0554720171875 0.6851198000000001 0.018942315625 0.66820963125 0 0.6564843671875 0 0.6737097375000001
0 0.003099915625 0.8422419218750001 0.0336825078125 0.86155016875 0.0880427234375 0.87126573125 0.14240293906249998 0.88098129375 0.19676315625000002 0.89069685625 0.2443184 0.8715114890625 0.211043359375 0.854714975 0.1339052453125 0.8259637124999999 0.1217153765625 0.802086246875 0.085667503125 0.7721641328125 0.0018048015625000001 0.730149271875 0.003099915625 0.8422419218750001
0 0.5282083578125001 1 0.5969156921875001 0.9932661265625 0.5429190140625 0.97314024375 0.550905478125 0.9682076281249999 0.5951320859375 0.9697520546874999 0.6550589671875 0.9692389953125 0.6378477359375 0.9399746703125 0.6149789546875 0.92354155 0.578284390625 0.9300774109375001 0.53127445 0.9336472953125 0.48110270312500003 0.939712521875 0.43223320625 0.9354002078124999 0.41598762499999997 0.9530731781249999 0.4260303515625 0.9638468921875001 0.45894185624999995 0.991053728125 0.512782003125 1 0.5282083578125001 1