0 0.42888460781250004 0.22851820156249997 0.3881815796875 0.2303674375 0.373434728125 0.23847505937500002 0.36274168906250004 0.25395610625 0.3698972078125 0.2609486890625 0.454432459375 0.24427212968749998 0.42888460781250004 0.22851820156249997
0 0.284733734375 0.3878987734375 0.3289742859375 0.36357590625 0.3214379265625 0.35348161718750004 0.31213280625 0.3546241421875 0.25959421250000003 0.3626493046875 0.24541862499999997 0.3754094859375 0.2597296609375 0.389394653125 0.284733734375 0.3878987734375
0 0.6836484640625 0.71358591875 0.6812004796875 0.6808275781249999 0.657393903125 0.6664340828124999 0.6318185656249999 0.663277403125 0.6286618859375 0.688852740625 0.645475878125 0.710401753125 0.6605760843749999 0.7179930859375 0.6836484640625 0.71358591875
0 0.767376984375 0.267242503125 0.8088691828125001 0.258999434375 0.806203290625 0.2372874859375 0.8011698890625001 0.2347570421875 0.77657414375 0.22675738124999997 0.7471079296875 0.23037537812500003 0.723055959375 0.23962552499999998 0.7431620796875 0.26234455 0.767376984375 0.267242503125
0 0.39141079218749997 0.6156582953124999 0.3806097921875 0.5917967453124999 0.3666521125 0.5935105328125 0.3342471265625 0.611657471875 0.3336483765625 0.6196021593750001 0.34834025468749996 0.6366890328125 0.346381071875 0.6463749953125 0.2980592234375 0.6759216828125 0.2980317375 0.68851893125 0.309241065625 0.7028849390625 0.3674118109375 0.689445534375 0.388770403125 0.6710806875 0.395219209375 0.6466753625 0.39141079218749997 0.6156582953124999
0 0.55293898125 0.841405646875 0.5356891734375 0.8419494234375 0.524424871875 0.8527779093750001 0.5009971515625 0.931217709375 0.49958174531250005 0.958153478125 0.5084785375 0.9665064953125 0.52379665 0.9630514328125 0.535278859375 0.9411765515624999 0.5820498546875 0.911820284375 0.6003342265625 0.88123903125 0.5970695859374999 0.8674717718749999 0.5813981171875 0.8552278796874999 0.55293898125 0.841405646875
0 0.5903303359375001 0.492057296875 0.5238890359374999 0.4766017515625 0.5416551328125 0.50590503125 0.5280508078125 0.5233177734375001 0.5157519421875 0.5641837375 0.5472852984375 0.590222375 0.589729603125 0.5897335734375 0.6355210062500001 0.5652202859375001 0.6806586875 0.5738461828125 0.7078123656249999 0.5642151937500001 0.69739220625 0.5434553515625 0.6716539359375 0.5261505703125 0.5903303359375001 0.492057296875
0 0.22947030625 0.578869659375 0.1775579484375 0.5663528859375 0.1473575375 0.5511702203125 0.10504868281249999 0.5784043718749999 0.0610260390625 0.5916808437500001 0.02024055 0.6313218218750001 0.0213281015625 0.6658214375 0.035556678125000005 0.7175983484375 0.09100655625000001 0.707641490625 0.1640340984375 0.6357054718749999 0.2328429078125 0.6319795140625 0.25205189843750003 0.6217497765625 0.2495764265625 0.6015886828125 0.22947030625 0.578869659375
0 0.4598977046875 0.40417295937500003 0.44207663437500005 0.4000641765625 0.4052369953125 0.4077359828125 0.36668356874999997 0.401450109375 0.332755215625 0.407190221875 0.23682021562500002 0.4079499203125 0.170677296875 0.43338782499999995 0.166976840625 0.4417133546875 0.197966421875 0.450502184375 0.2422324734375 0.503313659375 0.2654677875 0.51305459375 0.360450684375 0.504540628125 0.391114396875 0.4850332578125 0.4157926015625 0.455241175 0.45516268593750003 0.442535965625 0.4633527671875 0.41949107343750003 0.4598977046875 0.40417295937500003
0 0.9566482437499999 0.220914146875 0.9292239296875 0.21116281250000002 0.8782285203125 0.20168192031249998 0.836526390625 0.22516836406250001 0.8439154609375 0.2426271625 0.880087925 0.23818574374999998 0.9100959890625001 0.24761983437500001 0.9488212828125 0.2586073078125 0.9730132265625 0.268755528125 0.9566482437499999 0.220914146875
0 0.8666555265625 0.1663707765625 0.9560583109375 0.1947493484375 0.9372439874999999 0.0842393453125 0.9040174421874999 0.0699529875 0.8488066421875 0.06886085 0.79359584375 0.0677687140625 0.7383850421875 0.0666765765625 0.694416534375 0.0930650203125 0.7299094578124999 0.10444937812499999 0.8105955625 0.1207796046875 0.8263706125000001 0.1424561828125 0.8666555265625 0.1663707765625
0 0.29502219531249996 0.08700628437499999 0.32018013125 0.0996596203125 0.355400490625 0.0874639328125 0.40127320781250003 0.07658402343750001 0.449878446875 0.0627448796875 0.49882087343750003 0.0593592296875 0.5121017828125 0.039362475 0.50049731875 0.0302924296875 0.4637349234375 0.00856905 0.4033566265625 0.008111401562499999 0.32711367812500003 0.027967753125 0.38359394999999996 0.0393989109375 0.37647744375 0.04552015625 0.3325537375 0.05091330937500001 0.273444915625 0.0607946828125 0.29502219531249996 0.08700628437499999