0 0.0095199953125 0.6867700343750001 0.0083701421875 0.7089559375000001 0.10681249374999999 0.740579340625 0.1538025078125 0.79379405 0.25049350625 0.81403886875 0.261286065625 0.7902460546875 0.25690768125 0.761799596875 0.23398246875 0.7561938500000001 0.2184105234375 0.72916388125 0.0241528515625 0.6829849515624999 0.0095199953125 0.6867700343750001
0 0.324185615625 0.867741296875 0.2957955796875 0.8810007546874999 0.25358495 0.8786088281250001 0.248795303125 0.8919751625 0.26180363125 0.927063015625 0.28648019687500004 0.9440473468749999 0.389912696875 0.9734925765625 0.4269326765625 0.9668745140624999 0.4296333828125 0.9448790328125 0.42269137968750004 0.9244904593750001 0.392961253125 0.8845585406250001 0.324185615625 0.867741296875
0 0.20591791874999998 0.4206325296875 0.1639814640625 0.39036540625 0.0933808 0.40123293593750003 0.08481426875 0.4197173 0.097959684375 0.44086755625 0.20598133125 0.4457582875 0.20591791874999998 0.4206325296875
0 0.340083046875 0.5459504875000001 0.3328668703125 0.553437109375 0.3414216859375 0.5621796640625 0.36090631093750003 0.5706384546875001 0.395772028125 0.5931185640625001 0.422806103125 0.6286706359374999 0.4818756171875 0.62196903125 0.487002853125 0.6058532609375 0.46273220468750004 0.5770747234375 0.420760115625 0.5567552546875 0.340083046875 0.5459504875000001
0 0.5821122125 0.8184750078125 0.578198240625 0.837530634375 0.693362390625 0.873998103125 0.9273407484374999 0.8915634875 0.9123805656249999 0.8339088890624999 0.860664315625 0.8191862750000001 0.62014495625 0.803608640625 0.59087924375 0.81117880625 0.5821122125 0.8184750078125
0 0.46600713125000004 0.34093202968749997 0.47976431093749994 0.33145765625 0.46419236406250003 0.3044276890625 0.42609620625 0.2941682953125 0.4002697890625 0.29936986875 0.398244259375 0.31586647968750003 0.42258323750000004 0.335600246875 0.46600713125000004 0.34093202968749997
0 0.16077345625 0.2113548109375 0.1690658125 0.22074564375 0.22422135625 0.2330996640625 0.2231451796875 0.2162222109375 0.16866481093750002 0.19836931875 0.16077345625 0.2113548109375
0 0.1847216953125 0.1445231359375 0.1630097484375 0.1418572453125 0.1520166875 0.154461896875 0.1580830125 0.16916117656250002 0.188424903125 0.17846846562500002 0.194090228125 0.17079142187500002 0.1847216953125 0.1445231359375
0 0.66760780625 0.42987585624999997 0.648997565625 0.42759080625 0.63901726875 0.431947153125 0.636991740625 0.448443765625 0.6537135390625 0.45328782968750003 0.6740117203125 0.44182570312499997 0.66760780625 0.42987585624999997
0 0.83123915 0.5588118125 0.792805403125 0.55130185625 0.78248751875 0.5584076359375 0.781137165625 0.569405378125 0.7887543453125 0.5842950796874999 0.8493747140625001 0.5777838953125001 0.83123915 0.5588118125
0 0.93434819375 1 0.9431029328125 0.9939707359375 0.9474915796875001 0.9582280750000001 0.937985959375 0.9458973890625 0.8681975578125 0.9373284515625 0.8433204906249999 0.9091559578125 0.79814524375 0.892445590625 0.7917413296875 0.8804957437500001 0.70630730625 0.8839601953124999 0.6539158796875 0.8747364515625 0.629977903125 0.8773790109374999 0.6274142859375 0.88543689375 0.46936432968749997 0.8520763703125 0.329934878125 0.7568117796875 0.278218628125 0.7420891640625 0.2654108 0.7181894734375 0.22819031875 0.7136193734375 0.220636553125 0.7238554328125 0.2198242890625 0.7432919 0.23175643906249999 0.7615022984375 0.25710818281250003 0.7729877609375 0.25271953593749996 0.80873041875 0.180367515625 0.8082193656250001 0.1994421703125 0.8580064999999999 0.21083623281250002 0.867778171875 0.2827135765625 0.884976259375 0.333828325 0.8661343859375 0.375701365625 0.87127575 0.4194525859375 0.9380472140625 0.5497242671875 0.9540425656249999 0.6500550609375 0.983106953125 0.701233221875 0.9893908421875001 0.707236134375 0.9789643640625 0.7716967984374999 0.992460909375 0.7783540171875 1 0.93434819375 1
0 0 0.559032290625 0.001986753125 0.5686278578125 0.051139384375 0.5914083578125 0.07629062656249999 0.59170565625 0.11580055 0.616093065625 0.19954663125 0.6263757921875001 0.21087728125 0.6110217062500001 0.3557818203125 0.623231975 0.39037527031249997 0.6107342 0.38721015 0.5852275984374999 0.3342806359375 0.5675651265625 0.3247750140625 0.5552344406249999 0.05546461875000001 0.5305399390625001 0.0464970859375 0.5266479796875 0.040230259375 0.5007605359375 0.0017965140625 0.49325057968749997 0 0.49403474843749995 0 0.559032290625
0 0.21191056874999997 0.474395165625 0.2105602171875 0.4853929078125 0.366046553125 0.5268113171875 0.5203933000000001 0.5262265125 0.671163665625 0.5419479 0.7026554078125 0.529069284375 0.6996907890624999 0.5147508453125 0.3895201171875 0.476666675 0.2380745765625 0.46644415781250004 0.21191056874999997 0.474395165625
0 0.13736330624999998 0.2866252125 0.12907095 0.2772343828125 0.0534167234375 0.2651543265625 0.025770465625 0.2595350953125 0.0206339 0.30136905468749997 0.10742241718750001 0.29969425 0.13736330624999998 0.2866252125
0 0.181378440625 0.3897106 0.17139814375 0.39406694531249997 0.17159864375 0.4052551078125 0.1983641515625 0.4308685859375 0.2271551890625 0.439985453125 0.4216870359375 0.4582891875 0.446975365625 0.4446488890625 0.5986214078125001 0.46605956718749997 0.5253302984375 0.4347334640625 0.273954965625 0.41782288437500004 0.2387600140625 0.396756171875 0.181378440625 0.3897106