0 0.33873274375 0.235125925 0.3120427453125 0.24908532499999997 0.309093878125 0.28028861250000003 0.330347621875 0.3022975078125 0.41898271249999997 0.320674125 0.5080373328125 0.31501594375 0.530297946875 0.2793413171875 0.5306335703125 0.26011347812499996 0.48770655312500005 0.24013048593750003 0.3916932109375 0.2312419296875 0.33873274375 0.235125925
0 0.004577278125 0.37114174843750003 0.081153015625 0.3917120796875 0.1509797953125 0.385718275 0.158441953125 0.3714232546875 0.1395916890625 0.3494563109375 0.080008121875 0.3195657265625 0.0031806671874999998 0.3134162734375 0.004577278125 0.37114174843750003
0 0.09249916875 0.4303775265625 0.13551009218750001 0.44555355781249995 0.1667553328125 0.44609894531250005 0.181302071875 0.4391402234375 0.1814698828125 0.429526303125 0.1409463453125 0.4095852640625 0.083136965625 0.41578883437499997 0.09249916875 0.4303775265625
0 0.1422170984375 0.474521178125 0.1924804140625 0.4874195875 0.2237676078125 0.48556149687500005 0.2335912921875 0.47371190781249994 0.19787471406249998 0.4538547734375 0.12821574687499998 0.45023465937499996 0.1280059828125 0.462252059375 0.1422170984375 0.474521178125
0 0.4149011171875 0.416771375 0.4678196296875 0.4152908578125 0.487467 0.39159168125 0.43985888125 0.36431434218750003 0.3844949359375 0.3681563859375 0.379184540625 0.396914240625 0.4149011171875 0.416771375
0 0.5883049265625 0.12408003281249999 0.5925245453125 0.157812659375 0.616097865625 0.18467046874999998 0.6495368203125 0.197275209375 0.6976483734375 0.19571078749999998 0.71227901875 0.1839451046875 0.704259309375 0.0924450515625 0.64665969375 0.086631221875 0.5958929421875 0.102574571875 0.5883049265625 0.12408003281249999
0 0.5196771578125 0.3368570265625 0.528661784375 0.3730770390625 0.574118140625 0.3858915453125 0.6151451125 0.376990825 0.6346666234375 0.3605020875 0.6374057265624999 0.34131619999999996 0.6041345828125 0.3190975390625 0.5295008421875 0.3250074390625 0.5196771578125 0.3368570265625
0 0.5394205984375 0.44539120624999995 0.58276714375 0.44133939843750003 0.5879936328125 0.41738850312500003 0.56661403125 0.402590046875 0.5088466031250001 0.4063901375 0.5035781625 0.43274451249999996 0.5394205984375 0.44539120624999995
0 0.6830840125 0.47915362031250003 0.7260949359375 0.494329653125 0.781500834375 0.488084128125 0.7867692765625 0.4617297546875 0.7604988078125 0.4516543515625 0.7028152859375 0.45064748281250006 0.6834196343750001 0.45992577968750004 0.6830840125 0.47915362031250003
0 0.6268810078125 0.5310652640625 0.6895393000000001 0.52254211875 0.70425385 0.5059694765625 0.6373339859375 0.483163475 0.5457080734375 0.498393625 0.550263315625 0.5128984109375 0.6268810078125 0.5310652640625
0 0.40373493906249996 0.505532325 0.4590988859375 0.5016902812499999 0.466602996875 0.4849917796875 0.45475340937500003 0.4751680953125 0.385010534375 0.476354940625 0.377506425 0.49305344218749997 0.40373493906249996 0.505532325
0 0.24435010468749999 0.5460260734375 0.278040778125 0.544209934375 0.2806959765625 0.5298310078124999 0.24961854687499999 0.5196716984374999 0.2182894015625 0.5239332703125 0.22760965 0.5409254421874999 0.24435010468749999 0.5460260734375
0 0.30874063125 0.5760005625 0.3424313046875 0.574184421875 0.349851509375 0.56229288125 0.311563640625 0.5520077140625 0.282637975 0.5563112390625 0.2848736421875 0.5659671140625 0.30874063125 0.5760005625
0 0.4962540265625 0.5768694078125 0.5659969015625 0.5756825625 0.5759044906249999 0.5590260140625001 0.5664164296875 0.5516477609375 0.49671550781249996 0.550431128125 0.48689182343750004 0.5622807171875001 0.4962540265625 0.5768694078125
0 0.25999978437500004 0.613617184375 0.32012873750000004 0.612262528125 0.32754894375 0.6003709859375 0.2844121609375 0.59240539375 0.2315356 0.5914824296875001 0.22419930156249998 0.5985670109375001 0.25999978437500004 0.613617184375
0 0.391897515625 0.6327489546875 0.3945107609375 0.62077350625 0.3441635390625 0.6126820562499999 0.32961679843749997 0.619640778125 0.3413824828125 0.6342714234375 0.391897515625 0.6327489546875
0 0.50991975625 0.6203837671875 0.5363580359375 0.6208452484375 0.5485852 0.6090376125 0.5391390921875 0.5992558812500001 0.493472971875 0.598458775 0.48854015312500004 0.6055853109375 0.50991975625 0.6203837671875