0 0.4181872453125 0.62068076875 0.4243641328125 0.6366520171875 0.460303865625 0.6385141812499999 0.47177875468749997 0.6339744796875 0.472973365625 0.6226085140625 0.45823036874999995 0.6133979484375 0.4253985171875 0.611862434375 0.4181872453125 0.62068076875
0 0.65977140625 0.743750234375 0.6988190203125 0.7459390499999999 0.70252420625 0.74058271875 0.6792539734374999 0.7228148875 0.6227148125 0.72261814375 0.6279350640625 0.732743084375 0.65977140625 0.743750234375
0 0.647582590625 0.7999267531250001 0.6572655625 0.8124359984374999 0.707190759375 0.8157680953125 0.7184665453125 0.8131227187500001 0.72081689375 0.8057087359375 0.7138435984375 0.7973147968750001 0.6625635640625 0.7919250484375 0.647582590625 0.7999267531250001
0 0.5108699734375 0.695540746875 0.5437018250000001 0.6970762609375 0.5484025203125 0.6822482921875 0.512302559375 0.6669625109374999 0.4852882671875 0.66986895625 0.488158171875 0.6874078781249999 0.5108699734375 0.695540746875
0 0.6286148500000001 0.7711196109375 0.65192395625 0.773569496875 0.65642555 0.7606358546875 0.6129540921875 0.7407447890625 0.5859397984375 0.7436512343749999 0.5921166859375 0.7596224828125 0.6286148500000001 0.7711196109375
0 0.3508529796875 0.6634002531250001 0.411655759375 0.6678756296875 0.41440431093749996 0.656672990625 0.4000595171875 0.6436737671875 0.34606980468750004 0.6341687125 0.34348148125 0.65879496875 0.3508529796875 0.6634002531250001
0 0.38818169375 0.5773067265625 0.424082553125 0.5944868375000001 0.46002228437500003 0.5963490015625 0.4683892921875 0.5914826468750001 0.4713369453125 0.57838568125 0.4307742671875 0.56071559375 0.3868657296875 0.5599311296875 0.38818169375 0.5773067265625
0 0.7102114296875001 0.697339840625 0.6903695328125 0.706745896875 0.6911270671875 0.7144865312500001 0.7188988937499999 0.719320721875 0.8309817078125 0.729185846875 0.84711841875 0.7251361203125 0.8527757484375 0.7161544609375 0.8473563937499999 0.70792385 0.74810330625 0.6955766750000001 0.7102114296875001 0.697339840625
0 0.5383990921875 0.6428918125 0.5554535640625 0.6600063406250001 0.663034784375 0.68280510625 0.6770202484375 0.6842750375 0.684430621875 0.673562375 0.616134990625 0.635740153125 0.566607996875 0.628619403125 0.5393946015625 0.633420175 0.5383990921875 0.6428918125
0 0.6649433234375 0.619802325 0.6651035515625 0.6332259421875001 0.716742915625 0.65014498125 0.8092218109375 0.6522038875 0.8204975984375 0.6495585140625 0.8265531312500001 0.6367882 0.765988328125 0.6151005515625 0.694307965625 0.6094818937500001 0.6649433234375 0.619802325
0 0.7035443984375 0.49170694375 0.619830715625 0.4809930265625 0.572974525 0.49330552812499995 0.567875625 0.51192215 0.572697675 0.5258357453125 0.6342191140625 0.5533697015625 0.668405803125 0.5569628671875 0.732554440625 0.5445526218750001 0.74928845625 0.5348199140625 0.7506821687499999 0.5215596234375 0.7262562 0.4998398125 0.7035443984375 0.49170694375
0 0.7976360578125 0.1645116953125 0.7757595390625001 0.13348357187499998 0.7485850171874999 0.12296639843749999 0.6790170265625 0.1271460328125 0.6638369515625 0.13704206562500001 0.6473409109375 0.1295625 0.6032332734375 0.1306723625 0.5979741468750001 0.135865365625 0.594550540625 0.183386878125 0.5995328171875001 0.210724090625 0.6171457203124999 0.2374735828125 0.6547996203124999 0.2529226890625 0.692691496875 0.251159525 0.7094255125 0.24142681718749998 0.7422573640625 0.2429623296875 0.7832959953125 0.22620787031249998 0.798714046875 0.199099565625 0.7976360578125 0.1645116953125
0 0.374733746875 0.62478911875 0.404140290625 0.6400805078125 0.42479320937500004 0.6434712796875 0.46130347031249996 0.63876821875 0.467747871875 0.634565296875 0.4792666671875 0.6296756546875 0.47707650625 0.6135846328125 0.4731262296875 0.611949378125 0.442958690625 0.6038983874999999 0.41066014375000004 0.6066039921875 0.3844255 0.6087268734375 0.374733746875 0.62478911875