0 0.5584122359375 0.8796748093750001 0.5575213734375 0.9086072375 0.575960734375 0.9389337578125 0.6743731484375 0.9795119375000001 0.775070515625 0.9718274687499999 0.8070529499999999 0.8931226984375 0.7908883328125 0.86026981875 0.8044211984375 0.79697481875 0.7986238421875 0.732285728125 0.767552684375 0.6905854890625001 0.7331901140625 0.677943484375 0.7024861703124999 0.689181190625 0.6773381765625001 0.714570590625 0.6524417984374999 0.744761096875 0.63865731875 0.803254990625 0.58255376875 0.8350809937499999 0.5584122359375 0.8796748093750001
0 0.278615384375 0.639180965625 0.303375746875 0.6523262 0.296792921875 0.710442671875 0.3345625046875 0.7421632828125 0.36172342031250004 0.755182709375 0.416810303125 0.7498885843750001 0.44448465625000005 0.7267739265625 0.4640767015625 0.6872328296875 0.4693912421875 0.6508471296875 0.50376401875 0.6177528437500001 0.5033968046874999 0.5648148984375 0.48065957031249995 0.5443422 0.39549778281250003 0.572876790625 0.2632158203125 0.5749951046875 0.2259392609375 0.5986129921875001 0.22719733749999999 0.622618509375 0.24248129999999998 0.6386675265624999 0.278615384375 0.639180965625
0 0.3222333609375 0.5069092093750001 0.456664259375 0.499863984375 0.48648755 0.47182241718749995 0.4640019296875 0.4561508234375 0.4233183578125 0.460690103125 0.4132129203125 0.4515911265625 0.458697596875 0.44680023125 0.47891867968749996 0.41926189375 0.46098254843750003 0.39853758125 0.4219446828125 0.3885477421875 0.38126111093750004 0.3930870234375 0.3629373484375 0.41089734531250005 0.267418509375 0.4255318578125 0.2325425015625 0.4490239359375 0.2196488828125 0.47858540312500003 0.3222333609375 0.5069092093750001
0 1 0.5049337281249999 0.9971658296875001 0.4787589328125 0.9869345859375 0.4672594046875 0.8997598765625 0.45738516718750005 0.9251594859375001 0.43679687031250003 0.9727930984375 0.4270790625 0.9808856140625 0.3977692109375 0.9680022015624999 0.3815943859375 0.9378116984375 0.3566980078125 0.8686989265625 0.369948634375 0.815006134375 0.35591253906250003 0.7390691312500001 0.37674224375 0.722003446875 0.41855808437500003 0.690157028125 0.4539271171875 0.7016463484375 0.4894321625 0.76291821875 0.510292490625 0.7917248390625 0.5087827984375 0.8054991109375 0.4960251953125 0.8350605796874999 0.508918815625 0.9433370234374999 0.5080585765625 1 0.5214115890625 1 0.5049337281249999
0 0.653383696875 0.4871472109375 0.65794339375 0.4363582015625 0.6451857890625 0.422583928125 0.62092865625 0.4190409 0.5683681328125 0.4266097703125 0.5669740421875 0.44593999375 0.5850359796875 0.46906485781249996 0.5814929515625 0.49332198906249997 0.6298814109374999 0.49800749375000003 0.653383696875 0.4871472109375
0 0.5919010421875 0.278540615625 0.5795208609375 0.271967996875 0.46479760781249996 0.28760896874999997 0.4540529234375 0.3122435234375 0.5287216453125 0.31314459375000003 0.5810305515625 0.30077461875 0.59253008125 0.2905433734375 0.5919010421875 0.278540615625
0 0.3839234859375 0.3520260296875 0.383294446875 0.3400232703125 0.35095500625 0.32005380156249996 0.287911621875 0.311322040625 0.244827496875 0.3159871296875 0.2337053921875 0.3334200296875 0.24898935625 0.3494690453125 0.2904277734375 0.3593330765625 0.3629475578125 0.36516105468750004 0.3839234859375 0.3520260296875
0 0.058278059375 0.614621178125 0.03882203125 0.610826534375 0.0422392515625 0.58416885 0.0297332609375 0.57519568125 0.0035788078125 0.5813806687499999 0.0107600484375 0.672475828125 0.0777238828125 0.6641521125 0.0769690359375 0.6497488031249999 0.0592845203125 0.6338255921875 0.058278059375 0.614621178125
0 0 0.5130929734375 0.0001820015625 0.5165657718750001 0.015088542187500002 0.5254131328125 0.0536231796875 0.5258007640625 0.071946940625 0.507990440625 0.12008378281250001 0.5078748390625 0.16040014062500002 0.45039761250000004 0.1406924953125 0.44180186718750003 0.021545559375000002 0.464896109375 0 0.4794089515625 0 0.5130929734375
0 0.10966216875000001 0.2171564609375 0.0233681125 0.2240860859375 0.019447662499999997 0.24114156250000002 0.0827426625 0.254674428125 0.1402300953125 0.2492544953125 0.14137257187500002 0.22512316875 0.10966216875000001 0.2171564609375
0 0.1457758375 0.30914248125 0.110144984375 0.31823125 0.1064761484375 0.3400878328125 0.1193595609375 0.35626265468749996 0.1982003453125 0.34490935 0.194919140625 0.3282312953125 0.1457758375 0.30914248125